Pixels #,Intensity (a.u.)
0.00000e+00,1.54216e+00
1.00000e+00,1.54132e+00
2.00000e+00,1.54013e+00
3.00000e+00,1.54005e+00
4.00000e+00,1.53991e+00
5.00000e+00,1.54080e+00
6.00000e+00,1.54108e+00
7.00000e+00,1.54122e+00
8.00000e+00,1.54183e+00
9.00000e+00,1.54135e+00
1.00000e+01,1.54161e+00
1.10000e+01,1.54154e+00
1.20000e+01,1.54093e+00
1.30000e+01,1.54048e+00
1.40000e+01,1.54000e+00
1.50000e+01,1.54007e+00
1.60000e+01,1.54055e+00
1.70000e+01,1.54163e+00
1.80000e+01,1.54099e+00
1.90000e+01,1.54064e+00
2.00000e+01,1.53937e+00
2.10000e+01,1.53959e+00
2.20000e+01,1.53946e+00
2.30000e+01,1.53944e+00
2.40000e+01,1.53982e+00
2.50000e+01,1.53988e+00
2.60000e+01,1.54033e+00
2.70000e+01,1.54018e+00
2.80000e+01,1.54036e+00
2.90000e+01,1.54021e+00
3.00000e+01,1.54066e+00
3.10000e+01,1.54117e+00
3.20000e+01,1.54106e+00
3.30000e+01,1.54091e+00
3.40000e+01,1.54152e+00
3.50000e+01,1.54125e+00
3.60000e+01,1.54123e+00
3.70000e+01,1.54077e+00
3.80000e+01,1.54105e+00
3.90000e+01,1.54188e+00
4.00000e+01,1.54239e+00
4.10000e+01,1.54107e+00
4.20000e+01,1.54011e+00
4.30000e+01,1.53968e+00
4.40000e+01,1.54003e+00
4.50000e+01,1.53992e+00
4.60000e+01,1.54041e+00
4.70000e+01,1.54139e+00
4.80000e+01,1.54190e+00
4.90000e+01,1.54151e+00
5.00000e+01,1.54131e+00
5.10000e+01,1.54118e+00
5.20000e+01,1.54112e+00
5.30000e+01,1.54038e+00
5.40000e+01,1.54073e+00
5.50000e+01,1.54029e+00
5.60000e+01,1.54057e+00
5.70000e+01,1.54044e+00
5.80000e+01,1.53962e+00
5.90000e+01,1.53910e+00
6.00000e+01,1.53978e+00
6.10000e+01,1.53940e+00
6.20000e+01,1.53917e+00
6.30000e+01,1.53923e+00
6.40000e+01,1.54030e+00
6.50000e+01,1.54021e+00
6.60000e+01,1.54001e+00
6.70000e+01,1.54001e+00
6.80000e+01,1.54004e+00
6.90000e+01,1.53948e+00
7.00000e+01,1.53949e+00
7.10000e+01,1.54010e+00
7.20000e+01,1.54060e+00
7.30000e+01,1.54050e+00
7.40000e+01,1.54018e+00
7.50000e+01,1.53955e+00
7.60000e+01,1.53942e+00
7.70000e+01,1.53992e+00
7.80000e+01,1.54064e+00
7.90000e+01,1.54097e+00
8.00000e+01,1.54086e+00
8.10000e+01,1.54088e+00
8.20000e+01,1.54038e+00
8.30000e+01,1.54048e+00
8.40000e+01,1.54023e+00
8.50000e+01,1.54069e+00
8.60000e+01,1.54061e+00
8.70000e+01,1.54131e+00
8.80000e+01,1.54126e+00
8.90000e+01,1.54060e+00
9.00000e+01,1.54034e+00
9.10000e+01,1.54039e+00
9.20000e+01,1.54018e+00
9.30000e+01,1.53960e+00
9.40000e+01,1.53965e+00
9.50000e+01,1.54029e+00
9.60000e+01,1.54083e+00
9.70000e+01,1.54029e+00
9.80000e+01,1.54037e+00
9.90000e+01,1.53963e+00
1.00000e+02,1.53978e+00
1.01000e+02,1.53961e+00
1.02000e+02,1.54022e+00
1.03000e+02,1.54054e+00
1.04000e+02,1.54130e+00
1.05000e+02,1.54196e+00
1.06000e+02,1.54131e+00
1.07000e+02,1.54139e+00
1.08000e+02,1.54045e+00
1.09000e+02,1.54039e+00
1.10000e+02,1.53962e+00
1.11000e+02,1.54031e+00
1.12000e+02,1.54068e+00
1.13000e+02,1.54046e+00
1.14000e+02,1.54005e+00
1.15000e+02,1.54072e+00
1.16000e+02,1.54063e+00
1.17000e+02,1.54061e+00
1.18000e+02,1.54052e+00
1.19000e+02,1.54058e+00
1.20000e+02,1.54098e+00
1.21000e+02,1.54038e+00
1.22000e+02,1.54092e+00
1.23000e+02,1.54067e+00
1.24000e+02,1.54064e+00
1.25000e+02,1.54011e+00
1.26000e+02,1.53989e+00
1.27000e+02,1.54058e+00
1.28000e+02,1.54128e+00
1.29000e+02,1.54138e+00
1.30000e+02,1.54132e+00
1.31000e+02,1.54028e+00
1.32000e+02,1.53858e+00
1.33000e+02,1.53817e+00
1.34000e+02,1.53864e+00
1.35000e+02,1.53936e+00
1.36000e+02,1.53967e+00
1.37000e+02,1.53875e+00
1.38000e+02,1.53880e+00
1.39000e+02,1.53997e+00
1.40000e+02,1.54054e+00
1.41000e+02,1.53966e+00
1.42000e+02,1.53962e+00
1.43000e+02,1.54046e+00
1.44000e+02,1.54034e+00
1.45000e+02,1.54108e+00
1.46000e+02,1.53997e+00
1.47000e+02,1.53979e+00
1.48000e+02,1.53955e+00
1.49000e+02,1.54036e+00
1.50000e+02,1.54130e+00
1.51000e+02,1.54021e+00
1.52000e+02,1.53941e+00
1.53000e+02,1.53837e+00
1.54000e+02,1.53925e+00
1.55000e+02,1.53987e+00
1.56000e+02,1.53980e+00
1.57000e+02,1.53967e+00
1.58000e+02,1.53933e+00
1.59000e+02,1.53939e+00
1.60000e+02,1.53887e+00
1.61000e+02,1.53895e+00
1.62000e+02,1.53857e+00
1.63000e+02,1.53958e+00
1.64000e+02,1.53939e+00
1.65000e+02,1.53916e+00
1.66000e+02,1.53895e+00
1.67000e+02,1.53940e+00
1.68000e+02,1.53989e+00
1.69000e+02,1.54046e+00
1.70000e+02,1.53952e+00
1.71000e+02,1.53989e+00
1.72000e+02,1.53944e+00
1.73000e+02,1.53995e+00
1.74000e+02,1.53976e+00
1.75000e+02,1.53985e+00
1.76000e+02,1.53913e+00
1.77000e+02,1.53790e+00
1.78000e+02,1.53768e+00
1.79000e+02,1.53867e+00
1.80000e+02,1.53933e+00
1.81000e+02,1.53956e+00
1.82000e+02,1.53964e+00
1.83000e+02,1.54021e+00
1.84000e+02,1.53978e+00
1.85000e+02,1.53945e+00
1.86000e+02,1.53932e+00
1.87000e+02,1.53997e+00
1.88000e+02,1.53997e+00
1.89000e+02,1.54038e+00
1.90000e+02,1.53962e+00
1.91000e+02,1.54067e+00
1.92000e+02,1.54020e+00
1.93000e+02,1.53956e+00
1.94000e+02,1.53895e+00
1.95000e+02,1.53826e+00
1.96000e+02,1.53912e+00
1.97000e+02,1.53920e+00
1.98000e+02,1.53902e+00
1.99000e+02,1.53862e+00
2.00000e+02,1.53870e+00
2.01000e+02,1.53918e+00
2.02000e+02,1.53979e+00
2.03000e+02,1.53984e+00
2.04000e+02,1.53970e+00
2.05000e+02,1.54022e+00
2.06000e+02,1.53930e+00
2.07000e+02,1.53916e+00
2.08000e+02,1.53824e+00
2.09000e+02,1.53813e+00
2.10000e+02,1.53900e+00
2.11000e+02,1.54004e+00
2.12000e+02,1.54082e+00
2.13000e+02,1.54055e+00
2.14000e+02,1.54005e+00
2.15000e+02,1.54050e+00
2.16000e+02,1.54078e+00
2.17000e+02,1.54112e+00
2.18000e+02,1.53999e+00
2.19000e+02,1.53963e+00
2.20000e+02,1.53940e+00
2.21000e+02,1.54004e+00
2.22000e+02,1.53983e+00
2.23000e+02,1.53942e+00
2.24000e+02,1.54047e+00
2.25000e+02,1.54083e+00
2.26000e+02,1.54109e+00
2.27000e+02,1.54022e+00
2.28000e+02,1.54074e+00
2.29000e+02,1.54089e+00
2.30000e+02,1.54061e+00
2.31000e+02,1.54013e+00
2.32000e+02,1.54019e+00
2.33000e+02,1.54087e+00
2.34000e+02,1.54065e+00
2.35000e+02,1.54027e+00
2.36000e+02,1.53960e+00
2.37000e+02,1.54065e+00
2.38000e+02,1.54119e+00
2.39000e+02,1.54090e+00
2.40000e+02,1.54043e+00
2.41000e+02,1.54084e+00
2.42000e+02,1.54084e+00
2.43000e+02,1.54117e+00
2.44000e+02,1.54145e+00
2.45000e+02,1.54125e+00
2.46000e+02,1.54149e+00
2.47000e+02,1.54074e+00
2.48000e+02,1.54036e+00
2.49000e+02,1.54006e+00
2.50000e+02,1.54091e+00
2.51000e+02,1.54109e+00
2.52000e+02,1.54137e+00
2.53000e+02,1.54137e+00
2.54000e+02,1.54106e+00
2.55000e+02,1.54148e+00
2.56000e+02,1.54057e+00
2.57000e+02,1.54043e+00
2.58000e+02,1.53987e+00
2.59000e+02,1.54038e+00
2.60000e+02,1.54161e+00
2.61000e+02,1.54185e+00
2.62000e+02,1.54174e+00
2.63000e+02,1.54060e+00
2.64000e+02,1.54104e+00
2.65000e+02,1.54019e+00
2.66000e+02,1.54067e+00
2.67000e+02,1.54098e+00
2.68000e+02,1.54179e+00
2.69000e+02,1.54166e+00
2.70000e+02,1.54133e+00
2.71000e+02,1.54127e+00
2.72000e+02,1.54017e+00
2.73000e+02,1.54039e+00
2.74000e+02,1.54025e+00
2.75000e+02,1.54177e+00
2.76000e+02,1.54113e+00
2.77000e+02,1.54160e+00
2.78000e+02,1.54122e+00
2.79000e+02,1.54102e+00
2.80000e+02,1.54114e+00
2.81000e+02,1.54073e+00
2.82000e+02,1.54048e+00
2.83000e+02,1.54060e+00
2.84000e+02,1.54073e+00
2.85000e+02,1.54095e+00
2.86000e+02,1.54076e+00
2.87000e+02,1.53994e+00
2.88000e+02,1.54014e+00
2.89000e+02,1.54020e+00
2.90000e+02,1.54055e+00
2.91000e+02,1.54007e+00
2.92000e+02,1.54017e+00
2.93000e+02,1.54073e+00
2.94000e+02,1.54058e+00
2.95000e+02,1.54083e+00
2.96000e+02,1.54028e+00
2.97000e+02,1.54102e+00
2.98000e+02,1.54098e+00
2.99000e+02,1.54085e+00
3.00000e+02,1.54057e+00
3.01000e+02,1.54083e+00
3.02000e+02,1.54074e+00
3.03000e+02,1.54015e+00
3.04000e+02,1.54057e+00
3.05000e+02,1.54118e+00
3.06000e+02,1.54108e+00
3.07000e+02,1.54130e+00
3.08000e+02,1.54053e+00
3.09000e+02,1.54040e+00
3.10000e+02,1.53980e+00
3.11000e+02,1.54018e+00
3.12000e+02,1.54080e+00
3.13000e+02,1.54062e+00
3.14000e+02,1.54054e+00
3.15000e+02,1.54063e+00
3.16000e+02,1.54157e+00
3.17000e+02,1.54198e+00
3.18000e+02,1.54305e+00
3.19000e+02,1.54337e+00
3.20000e+02,1.54417e+00
3.21000e+02,1.54620e+00
3.22000e+02,1.54971e+00
3.23000e+02,1.55423e+00
3.24000e+02,1.56152e+00
3.25000e+02,1.57206e+00
3.26000e+02,1.58192e+00
3.27000e+02,1.59062e+00
3.28000e+02,1.59725e+00
3.29000e+02,1.60104e+00
3.30000e+02,1.60198e+00
3.31000e+02,1.60080e+00
3.32000e+02,1.59899e+00
3.33000e+02,1.59461e+00
3.34000e+02,1.59116e+00
3.35000e+02,1.58491e+00
3.36000e+02,1.57672e+00
3.37000e+02,1.56890e+00
3.38000e+02,1.56270e+00
3.39000e+02,1.55836e+00
3.40000e+02,1.55453e+00
3.41000e+02,1.55284e+00
3.42000e+02,1.55375e+00
3.43000e+02,1.55310e+00
3.44000e+02,1.55264e+00
3.45000e+02,1.55069e+00
3.46000e+02,1.55012e+00
3.47000e+02,1.54793e+00
3.48000e+02,1.54606e+00
3.49000e+02,1.54429e+00
3.50000e+02,1.54357e+00
3.51000e+02,1.54294e+00
3.52000e+02,1.54205e+00
3.53000e+02,1.54166e+00
3.54000e+02,1.54132e+00
3.55000e+02,1.54045e+00
3.56000e+02,1.54042e+00
3.57000e+02,1.54049e+00
3.58000e+02,1.54083e+00
3.59000e+02,1.54027e+00
3.60000e+02,1.54093e+00
3.61000e+02,1.54066e+00
3.62000e+02,1.54114e+00
3.63000e+02,1.54094e+00
3.64000e+02,1.54192e+00
3.65000e+02,1.54235e+00
3.66000e+02,1.54246e+00
3.67000e+02,1.54214e+00
3.68000e+02,1.54247e+00
3.69000e+02,1.54333e+00
3.70000e+02,1.54448e+00
3.71000e+02,1.54425e+00
3.72000e+02,1.54489e+00
3.73000e+02,1.54441e+00
3.74000e+02,1.54456e+00
3.75000e+02,1.54385e+00
3.76000e+02,1.54300e+00
3.77000e+02,1.54342e+00
3.78000e+02,1.54352e+00
3.79000e+02,1.54381e+00
3.80000e+02,1.54334e+00
3.81000e+02,1.54349e+00
3.82000e+02,1.54248e+00
3.83000e+02,1.54238e+00
3.84000e+02,1.54206e+00
3.85000e+02,1.54202e+00
3.86000e+02,1.54236e+00
3.87000e+02,1.54304e+00
3.88000e+02,1.54279e+00
3.89000e+02,1.54223e+00
3.90000e+02,1.54231e+00
3.91000e+02,1.54312e+00
3.92000e+02,1.54325e+00
3.93000e+02,1.54198e+00
3.94000e+02,1.54189e+00
3.95000e+02,1.54243e+00
3.96000e+02,1.54274e+00
3.97000e+02,1.54250e+00
3.98000e+02,1.54221e+00
3.99000e+02,1.54255e+00
4.00000e+02,1.54274e+00
4.01000e+02,1.54242e+00
4.02000e+02,1.54191e+00
4.03000e+02,1.54231e+00
4.04000e+02,1.54285e+00
4.05000e+02,1.54217e+00
4.06000e+02,1.54164e+00
4.07000e+02,1.54153e+00
4.08000e+02,1.54167e+00
4.09000e+02,1.54153e+00
4.10000e+02,1.54110e+00
4.11000e+02,1.54143e+00
4.12000e+02,1.54238e+00
4.13000e+02,1.54196e+00
4.14000e+02,1.54173e+00
4.15000e+02,1.54045e+00
4.16000e+02,1.54063e+00
4.17000e+02,1.54088e+00
4.18000e+02,1.54218e+00
4.19000e+02,1.54240e+00
4.20000e+02,1.54219e+00
4.21000e+02,1.54258e+00
4.22000e+02,1.54221e+00
4.23000e+02,1.54129e+00
4.24000e+02,1.54124e+00
4.25000e+02,1.54163e+00
4.26000e+02,1.54204e+00
4.27000e+02,1.54206e+00
4.28000e+02,1.54203e+00
4.29000e+02,1.54156e+00
4.30000e+02,1.54111e+00
4.31000e+02,1.54087e+00
4.32000e+02,1.54167e+00
4.33000e+02,1.54172e+00
4.34000e+02,1.54089e+00
4.35000e+02,1.54042e+00
4.36000e+02,1.53968e+00
4.37000e+02,1.53966e+00
4.38000e+02,1.53926e+00
4.39000e+02,1.54001e+00
4.40000e+02,1.54087e+00
4.41000e+02,1.54101e+00
4.42000e+02,1.53987e+00
4.43000e+02,1.53993e+00
4.44000e+02,1.53975e+00
4.45000e+02,1.54027e+00
4.46000e+02,1.54030e+00
4.47000e+02,1.53993e+00
4.48000e+02,1.53934e+00
4.49000e+02,1.53918e+00
4.50000e+02,1.53910e+00
4.51000e+02,1.53855e+00
4.52000e+02,1.53874e+00
4.53000e+02,1.53936e+00
4.54000e+02,1.53987e+00
4.55000e+02,1.53944e+00
4.56000e+02,1.54003e+00
4.57000e+02,1.53972e+00
4.58000e+02,1.53990e+00
4.59000e+02,1.53998e+00
4.60000e+02,1.53988e+00
4.61000e+02,1.53842e+00
4.62000e+02,1.53898e+00
4.63000e+02,1.53888e+00
4.64000e+02,1.53906e+00
4.65000e+02,1.53847e+00
4.66000e+02,1.53798e+00
4.67000e+02,1.53836e+00
4.68000e+02,1.53941e+00
4.69000e+02,1.54010e+00
4.70000e+02,1.54003e+00
4.71000e+02,1.53913e+00
4.72000e+02,1.53838e+00
4.73000e+02,1.53801e+00
4.74000e+02,1.53777e+00
4.75000e+02,1.53794e+00
4.76000e+02,1.53744e+00
4.77000e+02,1.53829e+00
4.78000e+02,1.53771e+00
4.79000e+02,1.53823e+00
4.80000e+02,1.53820e+00
4.81000e+02,1.53846e+00
4.82000e+02,1.53860e+00
4.83000e+02,1.53761e+00
4.84000e+02,1.53814e+00
4.85000e+02,1.53773e+00
4.86000e+02,1.53796e+00
4.87000e+02,1.53705e+00
4.88000e+02,1.53792e+00
4.89000e+02,1.53729e+00
4.90000e+02,1.53779e+00
4.91000e+02,1.53674e+00
4.92000e+02,1.53727e+00
4.93000e+02,1.53771e+00
4.94000e+02,1.53858e+00
4.95000e+02,1.53836e+00
4.96000e+02,1.53836e+00
4.97000e+02,1.53855e+00
4.98000e+02,1.53822e+00
4.99000e+02,1.53744e+00
5.00000e+02,1.53733e+00
5.01000e+02,1.53755e+00
5.02000e+02,1.53790e+00
5.03000e+02,1.53753e+00
5.04000e+02,1.53723e+00
5.05000e+02,1.53679e+00
5.06000e+02,1.53703e+00
5.07000e+02,1.53696e+00
5.08000e+02,1.53736e+00
5.09000e+02,1.53690e+00
5.10000e+02,1.53643e+00
5.11000e+02,1.53654e+00
5.12000e+02,1.53771e+00
5.13000e+02,1.53817e+00
5.14000e+02,1.53832e+00
5.15000e+02,1.53846e+00
5.16000e+02,1.53807e+00
5.17000e+02,1.53752e+00
5.18000e+02,1.53799e+00
5.19000e+02,1.53775e+00
5.20000e+02,1.53824e+00
5.21000e+02,1.53768e+00
5.22000e+02,1.53793e+00
5.23000e+02,1.53780e+00
5.24000e+02,1.53864e+00
5.25000e+02,1.53902e+00
5.26000e+02,1.53931e+00
5.27000e+02,1.53844e+00
5.28000e+02,1.53876e+00
5.29000e+02,1.53759e+00
5.30000e+02,1.53611e+00
5.31000e+02,1.53651e+00
5.32000e+02,1.53643e+00
5.33000e+02,1.53829e+00
5.34000e+02,1.53816e+00
5.35000e+02,1.53875e+00
5.36000e+02,1.53897e+00
5.37000e+02,1.53826e+00
5.38000e+02,1.53808e+00
5.39000e+02,1.53708e+00
5.40000e+02,1.53709e+00
5.41000e+02,1.53732e+00
5.42000e+02,1.53723e+00
5.43000e+02,1.53809e+00
5.44000e+02,1.53849e+00
5.45000e+02,1.53849e+00
5.46000e+02,1.53790e+00
5.47000e+02,1.53741e+00
5.48000e+02,1.53706e+00
5.49000e+02,1.53678e+00
5.50000e+02,1.53701e+00
5.51000e+02,1.53716e+00
5.52000e+02,1.53809e+00
5.53000e+02,1.53789e+00
5.54000e+02,1.53695e+00
5.55000e+02,1.53601e+00
5.56000e+02,1.53729e+00
5.57000e+02,1.53718e+00
5.58000e+02,1.53751e+00
5.59000e+02,1.53635e+00
5.60000e+02,1.53726e+00
5.61000e+02,1.53754e+00
5.62000e+02,1.53807e+00
5.63000e+02,1.53765e+00
5.64000e+02,1.53726e+00
5.65000e+02,1.53770e+00
5.66000e+02,1.53777e+00
5.67000e+02,1.53773e+00
5.68000e+02,1.53737e+00
5.69000e+02,1.53723e+00
5.70000e+02,1.53694e+00
5.71000e+02,1.53712e+00
5.72000e+02,1.53749e+00
5.73000e+02,1.53768e+00
5.74000e+02,1.53699e+00
5.75000e+02,1.53683e+00
5.76000e+02,1.53776e+00
5.77000e+02,1.53745e+00
5.78000e+02,1.53763e+00
5.79000e+02,1.53725e+00
5.80000e+02,1.53799e+00
5.81000e+02,1.53707e+00
5.82000e+02,1.53726e+00
5.83000e+02,1.53763e+00
5.84000e+02,1.53762e+00
5.85000e+02,1.53807e+00
5.86000e+02,1.53714e+00
5.87000e+02,1.53783e+00
5.88000e+02,1.53758e+00
5.89000e+02,1.53776e+00
5.90000e+02,1.53706e+00
5.91000e+02,1.53733e+00
5.92000e+02,1.53722e+00
5.93000e+02,1.53704e+00
5.94000e+02,1.53604e+00
5.95000e+02,1.53555e+00
5.96000e+02,1.53571e+00
5.97000e+02,1.53681e+00
5.98000e+02,1.53656e+00
5.99000e+02,1.53731e+00
6.00000e+02,1.53736e+00
6.01000e+02,1.53789e+00
6.02000e+02,1.53681e+00
6.03000e+02,1.53588e+00
6.04000e+02,1.53593e+00
6.05000e+02,1.53531e+00
6.06000e+02,1.53633e+00
6.07000e+02,1.53609e+00
6.08000e+02,1.53727e+00
6.09000e+02,1.53764e+00
6.10000e+02,1.53774e+00
6.11000e+02,1.53787e+00
6.12000e+02,1.53652e+00
6.13000e+02,1.53668e+00
6.14000e+02,1.53598e+00
6.15000e+02,1.53664e+00
6.16000e+02,1.53551e+00
6.17000e+02,1.53638e+00
6.18000e+02,1.53707e+00
6.19000e+02,1.53746e+00
6.20000e+02,1.53769e+00
6.21000e+02,1.53741e+00
6.22000e+02,1.53684e+00
6.23000e+02,1.53674e+00
6.24000e+02,1.53716e+00
6.25000e+02,1.53732e+00
6.26000e+02,1.53697e+00
6.27000e+02,1.53613e+00
6.28000e+02,1.53560e+00
6.29000e+02,1.53607e+00
6.30000e+02,1.53731e+00
6.31000e+02,1.53784e+00
6.32000e+02,1.53675e+00
6.33000e+02,1.53605e+00
6.34000e+02,1.53601e+00
6.35000e+02,1.53610e+00
6.36000e+02,1.53623e+00
6.37000e+02,1.53631e+00
6.38000e+02,1.53669e+00
6.39000e+02,1.53598e+00
6.40000e+02,1.53589e+00
6.41000e+02,1.53563e+00
6.42000e+02,1.53581e+00
6.43000e+02,1.53575e+00
6.44000e+02,1.53651e+00
6.45000e+02,1.53673e+00
6.46000e+02,1.53659e+00
6.47000e+02,1.53583e+00
6.48000e+02,1.53523e+00
6.49000e+02,1.53577e+00
6.50000e+02,1.53607e+00
6.51000e+02,1.53645e+00
6.52000e+02,1.53635e+00
6.53000e+02,1.53660e+00
6.54000e+02,1.53692e+00
6.55000e+02,1.53705e+00
6.56000e+02,1.53695e+00
6.57000e+02,1.53640e+00
6.58000e+02,1.53684e+00
6.59000e+02,1.53671e+00
6.60000e+02,1.53683e+00
6.61000e+02,1.53628e+00
6.62000e+02,1.53672e+00
6.63000e+02,1.53599e+00
6.64000e+02,1.53626e+00
6.65000e+02,1.53668e+00
6.66000e+02,1.53669e+00
6.67000e+02,1.53585e+00
6.68000e+02,1.53573e+00
6.69000e+02,1.53604e+00
6.70000e+02,1.53698e+00
6.71000e+02,1.53676e+00
6.72000e+02,1.53632e+00
6.73000e+02,1.53596e+00
6.74000e+02,1.53624e+00
6.75000e+02,1.53594e+00
6.76000e+02,1.53546e+00
6.77000e+02,1.53510e+00
6.78000e+02,1.53546e+00
6.79000e+02,1.53588e+00
6.80000e+02,1.53554e+00
6.81000e+02,1.53671e+00
6.82000e+02,1.53672e+00
6.83000e+02,1.53692e+00
6.84000e+02,1.53614e+00
6.85000e+02,1.53602e+00
6.86000e+02,1.53658e+00
6.87000e+02,1.53672e+00
6.88000e+02,1.53645e+00
6.89000e+02,1.53610e+00
6.90000e+02,1.53660e+00
6.91000e+02,1.53663e+00
6.92000e+02,1.53589e+00
6.93000e+02,1.53517e+00
6.94000e+02,1.53515e+00
6.95000e+02,1.53546e+00
6.96000e+02,1.53662e+00
6.97000e+02,1.53723e+00
6.98000e+02,1.53759e+00
6.99000e+02,1.53744e+00
7.00000e+02,1.53652e+00
7.01000e+02,1.53673e+00
7.02000e+02,1.53601e+00
7.03000e+02,1.53602e+00
7.04000e+02,1.53578e+00
7.05000e+02,1.53637e+00
7.06000e+02,1.53727e+00
7.07000e+02,1.53786e+00
7.08000e+02,1.53731e+00
7.09000e+02,1.53669e+00
7.10000e+02,1.53624e+00
7.11000e+02,1.53697e+00
7.12000e+02,1.53758e+00
7.13000e+02,1.53691e+00
7.14000e+02,1.53661e+00
7.15000e+02,1.53654e+00
7.16000e+02,1.53661e+00
7.17000e+02,1.53610e+00
7.18000e+02,1.53524e+00
7.19000e+02,1.53542e+00
7.20000e+02,1.53499e+00
7.21000e+02,1.53490e+00
7.22000e+02,1.53518e+00
7.23000e+02,1.53606e+00
7.24000e+02,1.53578e+00
7.25000e+02,1.53633e+00
7.26000e+02,1.53728e+00
7.27000e+02,1.53706e+00
7.28000e+02,1.53625e+00
7.29000e+02,1.53555e+00
7.30000e+02,1.53568e+00
7.31000e+02,1.53662e+00
7.32000e+02,1.53616e+00
7.33000e+02,1.53686e+00
7.34000e+02,1.53626e+00
7.35000e+02,1.53685e+00
7.36000e+02,1.53714e+00
7.37000e+02,1.53649e+00
7.38000e+02,1.53617e+00
7.39000e+02,1.53689e+00
7.40000e+02,1.53741e+00
7.41000e+02,1.53670e+00
7.42000e+02,1.53653e+00
7.43000e+02,1.53621e+00
7.44000e+02,1.53669e+00
7.45000e+02,1.53635e+00
7.46000e+02,1.53675e+00
7.47000e+02,1.53616e+00
7.48000e+02,1.53652e+00
7.49000e+02,1.53639e+00
7.50000e+02,1.53690e+00
7.51000e+02,1.53676e+00
7.52000e+02,1.53697e+00
7.53000e+02,1.53651e+00
7.54000e+02,1.53623e+00
7.55000e+02,1.53678e+00
7.56000e+02,1.53720e+00
7.57000e+02,1.53692e+00
7.58000e+02,1.53621e+00
7.59000e+02,1.53596e+00
7.60000e+02,1.53458e+00
7.61000e+02,1.53562e+00
7.62000e+02,1.53493e+00
7.63000e+02,1.53551e+00
7.64000e+02,1.53510e+00
7.65000e+02,1.53556e+00
7.66000e+02,1.53608e+00
7.67000e+02,1.53630e+00
7.68000e+02,1.53640e+00
7.69000e+02,1.53620e+00
7.70000e+02,1.53574e+00
7.71000e+02,1.53525e+00
7.72000e+02,1.53548e+00
7.73000e+02,1.53646e+00
7.74000e+02,1.53683e+00
7.75000e+02,1.53624e+00
7.76000e+02,1.53579e+00
7.77000e+02,1.53524e+00
7.78000e+02,1.53523e+00
7.79000e+02,1.53506e+00
7.80000e+02,1.53445e+00
7.81000e+02,1.53420e+00
7.82000e+02,1.53428e+00
7.83000e+02,1.53478e+00
7.84000e+02,1.53458e+00
7.85000e+02,1.53557e+00
7.86000e+02,1.53552e+00
7.87000e+02,1.53549e+00
7.88000e+02,1.53535e+00
7.89000e+02,1.53544e+00
7.90000e+02,1.53605e+00
7.91000e+02,1.53632e+00
7.92000e+02,1.53577e+00
7.93000e+02,1.53501e+00
7.94000e+02,1.53520e+00
7.95000e+02,1.53578e+00
7.96000e+02,1.53589e+00
7.97000e+02,1.53505e+00
7.98000e+02,1.53457e+00
7.99000e+02,1.53524e+00
8.00000e+02,1.53561e+00
8.01000e+02,1.53552e+00
8.02000e+02,1.53490e+00
8.03000e+02,1.53519e+00
8.04000e+02,1.53518e+00
8.05000e+02,1.53514e+00
8.06000e+02,1.53508e+00
8.07000e+02,1.53362e+00
8.08000e+02,1.53337e+00
8.09000e+02,1.53278e+00
8.10000e+02,1.53460e+00
8.11000e+02,1.53521e+00
8.12000e+02,1.53546e+00
8.13000e+02,1.53508e+00
8.14000e+02,1.53456e+00
8.15000e+02,1.53507e+00
8.16000e+02,1.53445e+00
8.17000e+02,1.53456e+00
8.18000e+02,1.53427e+00
8.19000e+02,1.53448e+00
8.20000e+02,1.53493e+00
8.21000e+02,1.53477e+00
8.22000e+02,1.53491e+00
8.23000e+02,1.53458e+00
8.24000e+02,1.53530e+00
8.25000e+02,1.53474e+00
8.26000e+02,1.53475e+00
8.27000e+02,1.53516e+00
8.28000e+02,1.53528e+00
8.29000e+02,1.53520e+00
8.30000e+02,1.53490e+00
8.31000e+02,1.53488e+00
8.32000e+02,1.53496e+00
8.33000e+02,1.53373e+00
8.34000e+02,1.53395e+00
8.35000e+02,1.53389e+00
8.36000e+02,1.53388e+00
8.37000e+02,1.53389e+00
8.38000e+02,1.53331e+00
8.39000e+02,1.53371e+00
8.40000e+02,1.53326e+00
8.41000e+02,1.53410e+00
8.42000e+02,1.53429e+00
8.43000e+02,1.53508e+00
8.44000e+02,1.53461e+00
8.45000e+02,1.53485e+00
8.46000e+02,1.53476e+00
8.47000e+02,1.53515e+00
8.48000e+02,1.53497e+00
8.49000e+02,1.53503e+00
8.50000e+02,1.53511e+00
8.51000e+02,1.53544e+00
8.52000e+02,1.53557e+00
8.53000e+02,1.53474e+00
8.54000e+02,1.53471e+00
8.55000e+02,1.53507e+00
8.56000e+02,1.53570e+00
8.57000e+02,1.53551e+00
8.58000e+02,1.53528e+00
8.59000e+02,1.53531e+00
8.60000e+02,1.53510e+00
8.61000e+02,1.53579e+00
8.62000e+02,1.53672e+00
8.63000e+02,1.53554e+00
8.64000e+02,1.53575e+00
8.65000e+02,1.53582e+00
8.66000e+02,1.53615e+00
8.67000e+02,1.53528e+00
8.68000e+02,1.53403e+00
8.69000e+02,1.53495e+00
8.70000e+02,1.53497e+00
8.71000e+02,1.53487e+00
8.72000e+02,1.53431e+00
8.73000e+02,1.53467e+00
8.74000e+02,1.53461e+00
8.75000e+02,1.53498e+00
8.76000e+02,1.53482e+00
8.77000e+02,1.53476e+00
8.78000e+02,1.53440e+00
8.79000e+02,1.53438e+00
8.80000e+02,1.53542e+00
8.81000e+02,1.53552e+00
8.82000e+02,1.53552e+00
8.83000e+02,1.53538e+00
8.84000e+02,1.53485e+00
8.85000e+02,1.53576e+00
8.86000e+02,1.53517e+00
8.87000e+02,1.53578e+00
8.88000e+02,1.53458e+00
8.89000e+02,1.53422e+00
8.90000e+02,1.53427e+00
8.91000e+02,1.53404e+00
8.92000e+02,1.53310e+00
8.93000e+02,1.53302e+00
8.94000e+02,1.53449e+00
8.95000e+02,1.53541e+00
8.96000e+02,1.53521e+00
8.97000e+02,1.53456e+00
8.98000e+02,1.53455e+00
8.99000e+02,1.53503e+00
9.00000e+02,1.53422e+00
9.01000e+02,1.53439e+00
9.02000e+02,1.53376e+00
9.03000e+02,1.53402e+00
9.04000e+02,1.53453e+00
9.05000e+02,1.53467e+00
9.06000e+02,1.53467e+00
9.07000e+02,1.53419e+00
9.08000e+02,1.53492e+00
9.09000e+02,1.53581e+00
9.10000e+02,1.53540e+00
9.11000e+02,1.53514e+00
9.12000e+02,1.53426e+00
9.13000e+02,1.53409e+00
9.14000e+02,1.53405e+00
9.15000e+02,1.53366e+00
9.16000e+02,1.53393e+00
9.17000e+02,1.53273e+00
9.18000e+02,1.53331e+00
9.19000e+02,1.53365e+00
9.20000e+02,1.53430e+00
9.21000e+02,1.53491e+00
9.22000e+02,1.53462e+00
9.23000e+02,1.53434e+00
9.24000e+02,1.53461e+00
9.25000e+02,1.53461e+00
9.26000e+02,1.53505e+00
9.27000e+02,1.53504e+00
9.28000e+02,1.53479e+00
9.29000e+02,1.53426e+00
9.30000e+02,1.53436e+00
9.31000e+02,1.53457e+00
9.32000e+02,1.53579e+00
9.33000e+02,1.53546e+00
9.34000e+02,1.53513e+00
9.35000e+02,1.53348e+00
9.36000e+02,1.53357e+00
9.37000e+02,1.53325e+00
9.38000e+02,1.53422e+00
9.39000e+02,1.53548e+00
9.40000e+02,1.53579e+00
9.41000e+02,1.53514e+00
9.42000e+02,1.53355e+00
9.43000e+02,1.53322e+00
9.44000e+02,1.53361e+00
9.45000e+02,1.53402e+00
9.46000e+02,1.53429e+00
9.47000e+02,1.53457e+00
9.48000e+02,1.53475e+00
9.49000e+02,1.53437e+00
9.50000e+02,1.53428e+00
9.51000e+02,1.53449e+00
9.52000e+02,1.53538e+00
9.53000e+02,1.53486e+00
9.54000e+02,1.53401e+00
9.55000e+02,1.53444e+00
9.56000e+02,1.53388e+00
9.57000e+02,1.53343e+00
9.58000e+02,1.53302e+00
9.59000e+02,1.53290e+00
9.60000e+02,1.53263e+00
9.61000e+02,1.53266e+00
9.62000e+02,1.53331e+00
9.63000e+02,1.53501e+00
9.64000e+02,1.53524e+00
9.65000e+02,1.53472e+00
9.66000e+02,1.53391e+00
9.67000e+02,1.53341e+00
9.68000e+02,1.53482e+00
9.69000e+02,1.53472e+00
9.70000e+02,1.53457e+00
9.71000e+02,1.53455e+00
9.72000e+02,1.53510e+00
9.73000e+02,1.53471e+00
9.74000e+02,1.53469e+00
9.75000e+02,1.53430e+00
9.76000e+02,1.53457e+00
9.77000e+02,1.53396e+00
9.78000e+02,1.53452e+00
9.79000e+02,1.53479e+00
9.80000e+02,1.53341e+00
9.81000e+02,1.53350e+00
9.82000e+02,1.53353e+00
9.83000e+02,1.53490e+00
9.84000e+02,1.53430e+00
9.85000e+02,1.53422e+00
9.86000e+02,1.53403e+00
9.87000e+02,1.53404e+00
9.88000e+02,1.53345e+00
9.89000e+02,1.53361e+00
9.90000e+02,1.53320e+00
9.91000e+02,1.53366e+00
9.92000e+02,1.53314e+00
9.93000e+02,1.53284e+00
9.94000e+02,1.53299e+00
9.95000e+02,1.53380e+00
9.96000e+02,1.53472e+00
9.97000e+02,1.53470e+00
9.98000e+02,1.53396e+00
9.99000e+02,1.53374e+00
1.00000e+03,1.53439e+00
1.00100e+03,1.53469e+00
1.00200e+03,1.53482e+00
1.00300e+03,1.53370e+00
1.00400e+03,1.53336e+00
1.00500e+03,1.53325e+00
1.00600e+03,1.53354e+00
1.00700e+03,1.53406e+00
1.00800e+03,1.53384e+00
1.00900e+03,1.53427e+00
1.01000e+03,1.53415e+00
1.01100e+03,1.53537e+00
1.01200e+03,1.53485e+00
1.01300e+03,1.53410e+00
1.01400e+03,1.53395e+00
1.01500e+03,1.53370e+00
1.01600e+03,1.53355e+00
1.01700e+03,1.53302e+00
1.01800e+03,1.53409e+00
1.01900e+03,1.53455e+00
1.02000e+03,1.53434e+00
1.02100e+03,1.53381e+00
1.02200e+03,1.53409e+00
1.02300e+03,1.53379e+00
1.02400e+03,1.53423e+00
1.02500e+03,1.53380e+00
1.02600e+03,1.53420e+00
1.02700e+03,1.53401e+00
1.02800e+03,1.53499e+00
1.02900e+03,1.53428e+00
1.03000e+03,1.53457e+00
1.03100e+03,1.53465e+00
1.03200e+03,1.53441e+00
1.03300e+03,1.53497e+00
1.03400e+03,1.53382e+00
1.03500e+03,1.53436e+00
1.03600e+03,1.53336e+00
1.03700e+03,1.53367e+00
1.03800e+03,1.53342e+00
1.03900e+03,1.53365e+00
1.04000e+03,1.53412e+00
1.04100e+03,1.53469e+00
1.04200e+03,1.53502e+00
1.04300e+03,1.53498e+00
1.04400e+03,1.53360e+00
1.04500e+03,1.53372e+00
1.04600e+03,1.53293e+00
1.04700e+03,1.53357e+00
1.04800e+03,1.53300e+00
1.04900e+03,1.53376e+00
1.05000e+03,1.53338e+00
1.05100e+03,1.53390e+00
1.05200e+03,1.53389e+00
1.05300e+03,1.53417e+00
1.05400e+03,1.53392e+00
1.05500e+03,1.53415e+00
1.05600e+03,1.53393e+00
1.05700e+03,1.53459e+00
1.05800e+03,1.53482e+00
1.05900e+03,1.53414e+00
1.06000e+03,1.53345e+00
1.06100e+03,1.53277e+00
1.06200e+03,1.53434e+00
1.06300e+03,1.53498e+00
1.06400e+03,1.53451e+00
1.06500e+03,1.53339e+00
1.06600e+03,1.53338e+00
1.06700e+03,1.53377e+00
1.06800e+03,1.53405e+00
1.06900e+03,1.53390e+00
1.07000e+03,1.53424e+00
1.07100e+03,1.53414e+00
1.07200e+03,1.53471e+00
1.07300e+03,1.53493e+00
1.07400e+03,1.53449e+00
1.07500e+03,1.53401e+00
1.07600e+03,1.53382e+00
1.07700e+03,1.53362e+00
1.07800e+03,1.53459e+00
1.07900e+03,1.53425e+00
1.08000e+03,1.53436e+00
1.08100e+03,1.53443e+00
1.08200e+03,1.53508e+00
1.08300e+03,1.53523e+00
1.08400e+03,1.53590e+00
1.08500e+03,1.53538e+00
1.08600e+03,1.53586e+00
1.08700e+03,1.53434e+00
1.08800e+03,1.53463e+00
1.08900e+03,1.53411e+00
1.09000e+03,1.53443e+00
1.09100e+03,1.53335e+00
1.09200e+03,1.53344e+00
1.09300e+03,1.53391e+00
1.09400e+03,1.53432e+00
1.09500e+03,1.53360e+00
1.09600e+03,1.53458e+00
1.09700e+03,1.53513e+00
1.09800e+03,1.53516e+00
1.09900e+03,1.53387e+00
1.10000e+03,1.53419e+00
1.10100e+03,1.53501e+00
1.10200e+03,1.53564e+00
1.10300e+03,1.53478e+00
1.10400e+03,1.53388e+00
1.10500e+03,1.53347e+00
1.10600e+03,1.53359e+00
1.10700e+03,1.53362e+00
1.10800e+03,1.53439e+00
1.10900e+03,1.53401e+00
1.11000e+03,1.53480e+00
1.11100e+03,1.53475e+00
1.11200e+03,1.53609e+00
1.11300e+03,1.53630e+00
1.11400e+03,1.53522e+00
1.11500e+03,1.53396e+00
1.11600e+03,1.53410e+00
1.11700e+03,1.53494e+00
1.11800e+03,1.53518e+00
1.11900e+03,1.53409e+00
1.12000e+03,1.53249e+00
1.12100e+03,1.53327e+00
1.12200e+03,1.53397e+00
1.12300e+03,1.53443e+00
1.12400e+03,1.53421e+00
1.12500e+03,1.53410e+00
1.12600e+03,1.53451e+00
1.12700e+03,1.53446e+00
1.12800e+03,1.53419e+00
1.12900e+03,1.53375e+00
1.13000e+03,1.53394e+00
1.13100e+03,1.53447e+00
1.13200e+03,1.53455e+00
1.13300e+03,1.53412e+00
1.13400e+03,1.53452e+00
1.13500e+03,1.53382e+00
1.13600e+03,1.53415e+00
1.13700e+03,1.53417e+00
1.13800e+03,1.53519e+00
1.13900e+03,1.53453e+00
1.14000e+03,1.53416e+00
1.14100e+03,1.53399e+00
1.14200e+03,1.53354e+00
1.14300e+03,1.53369e+00
1.14400e+03,1.53454e+00
1.14500e+03,1.53525e+00
1.14600e+03,1.53503e+00
1.14700e+03,1.53500e+00
1.14800e+03,1.53464e+00
1.14900e+03,1.53398e+00
1.15000e+03,1.53398e+00
1.15100e+03,1.53434e+00
1.15200e+03,1.53423e+00
1.15300e+03,1.53359e+00
1.15400e+03,1.53427e+00
1.15500e+03,1.53426e+00
1.15600e+03,1.53465e+00
1.15700e+03,1.53430e+00
1.15800e+03,1.53475e+00
1.15900e+03,1.53499e+00
1.16000e+03,1.53453e+00
1.16100e+03,1.53405e+00
1.16200e+03,1.53325e+00
1.16300e+03,1.53373e+00
1.16400e+03,1.53369e+00
1.16500e+03,1.53397e+00
1.16600e+03,1.53442e+00
1.16700e+03,1.53400e+00
1.16800e+03,1.53429e+00
1.16900e+03,1.53326e+00
1.17000e+03,1.53380e+00
1.17100e+03,1.53408e+00
1.17200e+03,1.53426e+00
1.17300e+03,1.53509e+00
1.17400e+03,1.53475e+00
1.17500e+03,1.53429e+00
1.17600e+03,1.53408e+00
1.17700e+03,1.53435e+00
1.17800e+03,1.53457e+00
1.17900e+03,1.53469e+00
1.18000e+03,1.53426e+00
1.18100e+03,1.53424e+00
1.18200e+03,1.53374e+00
1.18300e+03,1.53263e+00
1.18400e+03,1.53288e+00
1.18500e+03,1.53326e+00
1.18600e+03,1.53451e+00
1.18700e+03,1.53502e+00
1.18800e+03,1.53424e+00
1.18900e+03,1.53301e+00
1.19000e+03,1.53290e+00
1.19100e+03,1.53303e+00
1.19200e+03,1.53384e+00
1.19300e+03,1.53398e+00
1.19400e+03,1.53552e+00
1.19500e+03,1.53552e+00
1.19600e+03,1.53592e+00
1.19700e+03,1.53495e+00
1.19800e+03,1.53421e+00
1.19900e+03,1.53425e+00
1.20000e+03,1.53332e+00
1.20100e+03,1.53404e+00
1.20200e+03,1.53312e+00
1.20300e+03,1.53278e+00
1.20400e+03,1.53359e+00
1.20500e+03,1.53391e+00
1.20600e+03,1.53477e+00
1.20700e+03,1.53408e+00
1.20800e+03,1.53390e+00
1.20900e+03,1.53425e+00
1.21000e+03,1.53341e+00
1.21100e+03,1.53362e+00
1.21200e+03,1.53339e+00
1.21300e+03,1.53460e+00
1.21400e+03,1.53474e+00
1.21500e+03,1.53386e+00
1.21600e+03,1.53293e+00
1.21700e+03,1.53270e+00
1.21800e+03,1.53329e+00
1.21900e+03,1.53344e+00
1.22000e+03,1.53430e+00
1.22100e+03,1.53434e+00
1.22200e+03,1.53435e+00
1.22300e+03,1.53398e+00
1.22400e+03,1.53328e+00
1.22500e+03,1.53331e+00
1.22600e+03,1.53280e+00
1.22700e+03,1.53294e+00
1.22800e+03,1.53340e+00
1.22900e+03,1.53323e+00
1.23000e+03,1.53422e+00
1.23100e+03,1.53394e+00
1.23200e+03,1.53362e+00
1.23300e+03,1.53326e+00
1.23400e+03,1.53313e+00
1.23500e+03,1.53291e+00
1.23600e+03,1.53361e+00
1.23700e+03,1.53375e+00
1.23800e+03,1.53398e+00
1.23900e+03,1.53357e+00
1.24000e+03,1.53353e+00
1.24100e+03,1.53434e+00
1.24200e+03,1.53489e+00
1.24300e+03,1.53397e+00
1.24400e+03,1.53305e+00
1.24500e+03,1.53292e+00
1.24600e+03,1.53459e+00
1.24700e+03,1.53441e+00
1.24800e+03,1.53511e+00
1.24900e+03,1.53412e+00
1.25000e+03,1.53437e+00
1.25100e+03,1.53407e+00
1.25200e+03,1.53407e+00
1.25300e+03,1.53425e+00
1.25400e+03,1.53435e+00
1.25500e+03,1.53424e+00
1.25600e+03,1.53382e+00
1.25700e+03,1.53423e+00
1.25800e+03,1.53348e+00
1.25900e+03,1.53314e+00
1.26000e+03,1.53259e+00
1.26100e+03,1.53255e+00
1.26200e+03,1.53256e+00
1.26300e+03,1.53286e+00
1.26400e+03,1.53257e+00
1.26500e+03,1.53346e+00
1.26600e+03,1.53322e+00
1.26700e+03,1.53353e+00
1.26800e+03,1.53320e+00
1.26900e+03,1.53418e+00
1.27000e+03,1.53369e+00
1.27100e+03,1.53317e+00
1.27200e+03,1.53299e+00
1.27300e+03,1.53320e+00
1.27400e+03,1.53327e+00
1.27500e+03,1.53290e+00
1.27600e+03,1.53340e+00
1.27700e+03,1.53362e+00
1.27800e+03,1.53378e+00
1.27900e+03,1.53379e+00
1.28000e+03,1.53325e+00
1.28100e+03,1.53308e+00
1.28200e+03,1.53303e+00
1.28300e+03,1.53344e+00
1.28400e+03,1.53349e+00
1.28500e+03,1.53408e+00
1.28600e+03,1.53448e+00
1.28700e+03,1.53487e+00
1.28800e+03,1.53428e+00
1.28900e+03,1.53422e+00
1.29000e+03,1.53337e+00
1.29100e+03,1.53406e+00
1.29200e+03,1.53400e+00
1.29300e+03,1.53427e+00
1.29400e+03,1.53387e+00
1.29500e+03,1.53395e+00
1.29600e+03,1.53350e+00
1.29700e+03,1.53329e+00
1.29800e+03,1.53379e+00
1.29900e+03,1.53406e+00
1.30000e+03,1.53426e+00
1.30100e+03,1.53398e+00
1.30200e+03,1.53293e+00
1.30300e+03,1.53309e+00
1.30400e+03,1.53295e+00
1.30500e+03,1.53417e+00
1.30600e+03,1.53401e+00
1.30700e+03,1.53437e+00
1.30800e+03,1.53361e+00
1.30900e+03,1.53372e+00
1.31000e+03,1.53314e+00
1.31100e+03,1.53302e+00
1.31200e+03,1.53309e+00
1.31300e+03,1.53298e+00
1.31400e+03,1.53351e+00
1.31500e+03,1.53356e+00
1.31600e+03,1.53403e+00
1.31700e+03,1.53414e+00
1.31800e+03,1.53432e+00
1.31900e+03,1.53450e+00
1.32000e+03,1.53408e+00
1.32100e+03,1.53427e+00
1.32200e+03,1.53413e+00
1.32300e+03,1.53405e+00
1.32400e+03,1.53366e+00
1.32500e+03,1.53348e+00
1.32600e+03,1.53418e+00
1.32700e+03,1.53473e+00
1.32800e+03,1.53453e+00
1.32900e+03,1.53380e+00
1.33000e+03,1.53354e+00
1.33100e+03,1.53323e+00
1.33200e+03,1.53303e+00
1.33300e+03,1.53243e+00
1.33400e+03,1.53228e+00
1.33500e+03,1.53284e+00
1.33600e+03,1.53310e+00
1.33700e+03,1.53351e+00
1.33800e+03,1.53342e+00
1.33900e+03,1.53415e+00
1.34000e+03,1.53350e+00
1.34100e+03,1.53405e+00
1.34200e+03,1.53425e+00
1.34300e+03,1.53485e+00
1.34400e+03,1.53509e+00
1.34500e+03,1.53471e+00
1.34600e+03,1.53455e+00
1.34700e+03,1.53374e+00
1.34800e+03,1.53376e+00
1.34900e+03,1.53484e+00
1.35000e+03,1.53562e+00
1.35100e+03,1.53531e+00
1.35200e+03,1.53423e+00
1.35300e+03,1.53387e+00
1.35400e+03,1.53417e+00
1.35500e+03,1.53431e+00
1.35600e+03,1.53463e+00
1.35700e+03,1.53500e+00
1.35800e+03,1.53463e+00
1.35900e+03,1.53476e+00
1.36000e+03,1.53394e+00
1.36100e+03,1.53423e+00
1.36200e+03,1.53443e+00
1.36300e+03,1.53400e+00
1.36400e+03,1.53389e+00
1.36500e+03,1.53341e+00
1.36600e+03,1.53393e+00
1.36700e+03,1.53411e+00
1.36800e+03,1.53372e+00
1.36900e+03,1.53392e+00
1.37000e+03,1.53326e+00
1.37100e+03,1.53267e+00
1.37200e+03,1.53224e+00
1.37300e+03,1.53284e+00
1.37400e+03,1.53347e+00
1.37500e+03,1.53368e+00
1.37600e+03,1.53465e+00
1.37700e+03,1.53489e+00
1.37800e+03,1.53462e+00
1.37900e+03,1.53472e+00
1.38000e+03,1.53397e+00
1.38100e+03,1.53422e+00
1.38200e+03,1.53401e+00
1.38300e+03,1.53356e+00
1.38400e+03,1.53303e+00
1.38500e+03,1.53349e+00
1.38600e+03,1.53440e+00
1.38700e+03,1.53510e+00
1.38800e+03,1.53463e+00
1.38900e+03,1.53514e+00
1.39000e+03,1.53415e+00
1.39100e+03,1.53390e+00
1.39200e+03,1.53260e+00
1.39300e+03,1.53309e+00
1.39400e+03,1.53484e+00
1.39500e+03,1.53604e+00
1.39600e+03,1.53577e+00
1.39700e+03,1.53411e+00
1.39800e+03,1.53379e+00
1.39900e+03,1.53366e+00
1.40000e+03,1.53313e+00
1.40100e+03,1.53294e+00
1.40200e+03,1.53316e+00
1.40300e+03,1.53325e+00
1.40400e+03,1.53325e+00
1.40500e+03,1.53317e+00
1.40600e+03,1.53292e+00
1.40700e+03,1.53248e+00
1.40800e+03,1.53314e+00
1.40900e+03,1.53401e+00
1.41000e+03,1.53427e+00
1.41100e+03,1.53330e+00
1.41200e+03,1.53336e+00
1.41300e+03,1.53334e+00
1.41400e+03,1.53461e+00
1.41500e+03,1.53534e+00
1.41600e+03,1.53493e+00
1.41700e+03,1.53465e+00
1.41800e+03,1.53413e+00
1.41900e+03,1.53419e+00
1.42000e+03,1.53338e+00
1.42100e+03,1.53262e+00
1.42200e+03,1.53209e+00
1.42300e+03,1.53296e+00
1.42400e+03,1.53298e+00
1.42500e+03,1.53316e+00
1.42600e+03,1.53325e+00
1.42700e+03,1.53353e+00
1.42800e+03,1.53421e+00
1.42900e+03,1.53380e+00
1.43000e+03,1.53371e+00
1.43100e+03,1.53409e+00
1.43200e+03,1.53397e+00
1.43300e+03,1.53462e+00
1.43400e+03,1.53413e+00
1.43500e+03,1.53304e+00
1.43600e+03,1.53367e+00
1.43700e+03,1.53374e+00
1.43800e+03,1.53391e+00
1.43900e+03,1.53310e+00
1.44000e+03,1.53297e+00
1.44100e+03,1.53333e+00
1.44200e+03,1.53436e+00
1.44300e+03,1.53428e+00
1.44400e+03,1.53457e+00
1.44500e+03,1.53357e+00
1.44600e+03,1.53347e+00
1.44700e+03,1.53320e+00
1.44800e+03,1.53275e+00
1.44900e+03,1.53288e+00
1.45000e+03,1.53238e+00
1.45100e+03,1.53224e+00
1.45200e+03,1.53164e+00
1.45300e+03,1.53257e+00
1.45400e+03,1.53327e+00
1.45500e+03,1.53443e+00
1.45600e+03,1.53374e+00
1.45700e+03,1.53274e+00
1.45800e+03,1.53251e+00
1.45900e+03,1.53270e+00
1.46000e+03,1.53375e+00
1.46100e+03,1.53383e+00
1.46200e+03,1.53361e+00
1.46300e+03,1.53352e+00
1.46400e+03,1.53407e+00
1.46500e+03,1.53317e+00
1.46600e+03,1.53284e+00
1.46700e+03,1.53235e+00
1.46800e+03,1.53273e+00
1.46900e+03,1.53271e+00
1.47000e+03,1.53241e+00
1.47100e+03,1.53169e+00
1.47200e+03,1.53245e+00
1.47300e+03,1.53237e+00
1.47400e+03,1.53402e+00
1.47500e+03,1.53384e+00
1.47600e+03,1.53337e+00
1.47700e+03,1.53279e+00
1.47800e+03,1.53281e+00
1.47900e+03,1.53390e+00
1.48000e+03,1.53429e+00
1.48100e+03,1.53399e+00
1.48200e+03,1.53363e+00
1.48300e+03,1.53219e+00
1.48400e+03,1.53252e+00
1.48500e+03,1.53269e+00
1.48600e+03,1.53311e+00
1.48700e+03,1.53229e+00
1.48800e+03,1.53223e+00
1.48900e+03,1.53249e+00
1.49000e+03,1.53326e+00
1.49100e+03,1.53419e+00
1.49200e+03,1.53421e+00
1.49300e+03,1.53353e+00
1.49400e+03,1.53273e+00
1.49500e+03,1.53261e+00
1.49600e+03,1.53245e+00
1.49700e+03,1.53276e+00
1.49800e+03,1.53328e+00
1.49900e+03,1.53308e+00
1.50000e+03,1.53227e+00
1.50100e+03,1.53161e+00
1.50200e+03,1.53224e+00
1.50300e+03,1.53252e+00
1.50400e+03,1.53284e+00
1.50500e+03,1.53286e+00
1.50600e+03,1.53337e+00
1.50700e+03,1.53394e+00
1.50800e+03,1.53329e+00
1.50900e+03,1.53288e+00
1.51000e+03,1.53247e+00
1.51100e+03,1.53299e+00
1.51200e+03,1.53296e+00
1.51300e+03,1.53292e+00
1.51400e+03,1.53312e+00
1.51500e+03,1.53321e+00
1.51600e+03,1.53260e+00
1.51700e+03,1.53197e+00
1.51800e+03,1.53197e+00
1.51900e+03,1.53244e+00
1.52000e+03,1.53314e+00
1.52100e+03,1.53343e+00
1.52200e+03,1.53360e+00
1.52300e+03,1.53408e+00
1.52400e+03,1.53337e+00
1.52500e+03,1.53319e+00
1.52600e+03,1.53343e+00
1.52700e+03,1.53339e+00
1.52800e+03,1.53276e+00
1.52900e+03,1.53243e+00
1.53000e+03,1.53203e+00
1.53100e+03,1.53286e+00
1.53200e+03,1.53260e+00
1.53300e+03,1.53273e+00
1.53400e+03,1.53260e+00
1.53500e+03,1.53263e+00
1.53600e+03,1.53362e+00
1.53700e+03,1.53318e+00
1.53800e+03,1.53394e+00
1.53900e+03,1.53356e+00
1.54000e+03,1.53368e+00
1.54100e+03,1.53292e+00
1.54200e+03,1.53301e+00
1.54300e+03,1.53312e+00
1.54400e+03,1.53455e+00
1.54500e+03,1.53429e+00
1.54600e+03,1.53421e+00
1.54700e+03,1.53284e+00
1.54800e+03,1.53245e+00
1.54900e+03,1.53299e+00
1.55000e+03,1.53265e+00
1.55100e+03,1.53313e+00
1.55200e+03,1.53271e+00
1.55300e+03,1.53335e+00
1.55400e+03,1.53345e+00
1.55500e+03,1.53326e+00
1.55600e+03,1.53341e+00
1.55700e+03,1.53309e+00
1.55800e+03,1.53359e+00
1.55900e+03,1.53327e+00
1.56000e+03,1.53462e+00
1.56100e+03,1.53413e+00
1.56200e+03,1.53399e+00
1.56300e+03,1.53235e+00
1.56400e+03,1.53194e+00
1.56500e+03,1.53215e+00
1.56600e+03,1.53323e+00
1.56700e+03,1.53348e+00
1.56800e+03,1.53253e+00
1.56900e+03,1.53166e+00
1.57000e+03,1.53163e+00
1.57100e+03,1.53206e+00
1.57200e+03,1.53321e+00
1.57300e+03,1.53407e+00
1.57400e+03,1.53440e+00
1.57500e+03,1.53392e+00
1.57600e+03,1.53337e+00
1.57700e+03,1.53340e+00
1.57800e+03,1.53352e+00
1.57900e+03,1.53425e+00
1.58000e+03,1.53419e+00
1.58100e+03,1.53405e+00
1.58200e+03,1.53400e+00
1.58300e+03,1.53455e+00
1.58400e+03,1.53449e+00
1.58500e+03,1.53431e+00
1.58600e+03,1.53403e+00
1.58700e+03,1.53354e+00
1.58800e+03,1.53372e+00
1.58900e+03,1.53327e+00
1.59000e+03,1.53378e+00
1.59100e+03,1.53363e+00
1.59200e+03,1.53442e+00
1.59300e+03,1.53432e+00
1.59400e+03,1.53374e+00
1.59500e+03,1.53373e+00
1.59600e+03,1.53341e+00
1.59700e+03,1.53406e+00
1.59800e+03,1.53373e+00
1.59900e+03,1.53360e+00
1.60000e+03,1.53302e+00
1.60100e+03,1.53300e+00
1.60200e+03,1.53331e+00
1.60300e+03,1.53346e+00
1.60400e+03,1.53475e+00
1.60500e+03,1.53467e+00
1.60600e+03,1.53462e+00
1.60700e+03,1.53290e+00
1.60800e+03,1.53301e+00
1.60900e+03,1.53341e+00
1.61000e+03,1.53328e+00
1.61100e+03,1.53185e+00
1.61200e+03,1.53119e+00
1.61300e+03,1.53203e+00
1.61400e+03,1.53418e+00
1.61500e+03,1.53438e+00
1.61600e+03,1.53356e+00
1.61700e+03,1.53301e+00
1.61800e+03,1.53364e+00
1.61900e+03,1.53404e+00
1.62000e+03,1.53485e+00
1.62100e+03,1.53439e+00
1.62200e+03,1.53386e+00
1.62300e+03,1.53332e+00
1.62400e+03,1.53359e+00
1.62500e+03,1.53389e+00
1.62600e+03,1.53425e+00
1.62700e+03,1.53369e+00
1.62800e+03,1.53381e+00
1.62900e+03,1.53390e+00
1.63000e+03,1.53418e+00
1.63100e+03,1.53428e+00
1.63200e+03,1.53480e+00
1.63300e+03,1.53387e+00
1.63400e+03,1.53390e+00
1.63500e+03,1.53299e+00
1.63600e+03,1.53380e+00
1.63700e+03,1.53398e+00
1.63800e+03,1.53374e+00
1.63900e+03,1.53368e+00
1.64000e+03,1.53350e+00
1.64100e+03,1.53395e+00
1.64200e+03,1.53386e+00
1.64300e+03,1.53334e+00
1.64400e+03,1.53369e+00
1.64500e+03,1.53383e+00
1.64600e+03,1.53385e+00
1.64700e+03,1.53398e+00
1.64800e+03,1.53375e+00
1.64900e+03,1.53425e+00
1.65000e+03,1.53404e+00
1.65100e+03,1.53513e+00
1.65200e+03,1.53434e+00
1.65300e+03,1.53471e+00
1.65400e+03,1.53459e+00
1.65500e+03,1.53506e+00
1.65600e+03,1.53553e+00
1.65700e+03,1.53626e+00
1.65800e+03,1.53604e+00
1.65900e+03,1.53558e+00
1.66000e+03,1.53422e+00
1.66100e+03,1.53453e+00
1.66200e+03,1.53554e+00
1.66300e+03,1.53492e+00
1.66400e+03,1.53474e+00
1.66500e+03,1.53461e+00
1.66600e+03,1.53538e+00
1.66700e+03,1.53526e+00
1.66800e+03,1.53517e+00
1.66900e+03,1.53468e+00
1.67000e+03,1.53431e+00
1.67100e+03,1.53421e+00
1.67200e+03,1.53400e+00
1.67300e+03,1.53412e+00
1.67400e+03,1.53466e+00
1.67500e+03,1.53487e+00
1.67600e+03,1.53377e+00
1.67700e+03,1.53377e+00
1.67800e+03,1.53397e+00
1.67900e+03,1.53458e+00
1.68000e+03,1.53420e+00
1.68100e+03,1.53456e+00
1.68200e+03,1.53520e+00
1.68300e+03,1.53511e+00
1.68400e+03,1.53477e+00
1.68500e+03,1.53436e+00
1.68600e+03,1.53443e+00
1.68700e+03,1.53352e+00
1.68800e+03,1.53338e+00
1.68900e+03,1.53375e+00
1.69000e+03,1.53530e+00
1.69100e+03,1.53576e+00
1.69200e+03,1.53527e+00
1.69300e+03,1.53457e+00
1.69400e+03,1.53446e+00
1.69500e+03,1.53485e+00
1.69600e+03,1.53573e+00
1.69700e+03,1.53693e+00
1.69800e+03,1.53749e+00
1.69900e+03,1.53700e+00
1.70000e+03,1.53610e+00
1.70100e+03,1.53646e+00
1.70200e+03,1.53678e+00
1.70300e+03,1.53618e+00
1.70400e+03,1.53585e+00
1.70500e+03,1.53584e+00
1.70600e+03,1.53686e+00
1.70700e+03,1.53682e+00
1.70800e+03,1.53634e+00
1.70900e+03,1.53656e+00
1.71000e+03,1.53686e+00
1.71100e+03,1.53728e+00
1.71200e+03,1.53607e+00
1.71300e+03,1.53572e+00
1.71400e+03,1.53570e+00
1.71500e+03,1.53625e+00
1.71600e+03,1.53633e+00
1.71700e+03,1.53607e+00
1.71800e+03,1.53679e+00
1.71900e+03,1.53751e+00
1.72000e+03,1.53723e+00
1.72100e+03,1.53744e+00
1.72200e+03,1.53650e+00
1.72300e+03,1.53723e+00
1.72400e+03,1.53744e+00
1.72500e+03,1.53731e+00
1.72600e+03,1.53735e+00
1.72700e+03,1.53694e+00
1.72800e+03,1.53737e+00
1.72900e+03,1.53807e+00
1.73000e+03,1.53777e+00
1.73100e+03,1.53721e+00
1.73200e+03,1.53769e+00
1.73300e+03,1.53777e+00
1.73400e+03,1.53828e+00
1.73500e+03,1.53781e+00
1.73600e+03,1.53894e+00
1.73700e+03,1.53899e+00
1.73800e+03,1.53861e+00
1.73900e+03,1.53923e+00
1.74000e+03,1.53873e+00
1.74100e+03,1.53834e+00
1.74200e+03,1.53791e+00
1.74300e+03,1.53786e+00
1.74400e+03,1.53877e+00
1.74500e+03,1.53834e+00
1.74600e+03,1.53908e+00
1.74700e+03,1.53837e+00
1.74800e+03,1.53995e+00
1.74900e+03,1.54018e+00
1.75000e+03,1.54088e+00
1.75100e+03,1.54012e+00
1.75200e+03,1.54057e+00
1.75300e+03,1.54068e+00
1.75400e+03,1.54008e+00
1.75500e+03,1.54009e+00
1.75600e+03,1.53969e+00
1.75700e+03,1.54049e+00
1.75800e+03,1.54063e+00
1.75900e+03,1.54114e+00
1.76000e+03,1.54091e+00
1.76100e+03,1.54071e+00
1.76200e+03,1.54006e+00
1.76300e+03,1.54031e+00
1.76400e+03,1.54106e+00
1.76500e+03,1.54157e+00
1.76600e+03,1.54218e+00
1.76700e+03,1.54170e+00
1.76800e+03,1.54119e+00
1.76900e+03,1.54083e+00
1.77000e+03,1.54157e+00
1.77100e+03,1.54172e+00
1.77200e+03,1.54191e+00
1.77300e+03,1.54198e+00
1.77400e+03,1.54192e+00
1.77500e+03,1.54249e+00
1.77600e+03,1.54250e+00
1.77700e+03,1.54310e+00
1.77800e+03,1.54276e+00
1.77900e+03,1.54380e+00
1.78000e+03,1.54316e+00
1.78100e+03,1.54419e+00
1.78200e+03,1.54499e+00
1.78300e+03,1.54567e+00
1.78400e+03,1.54555e+00
1.78500e+03,1.54420e+00
1.78600e+03,1.54453e+00
1.78700e+03,1.54417e+00
1.78800e+03,1.54472e+00
1.78900e+03,1.54438e+00
1.79000e+03,1.54426e+00
1.79100e+03,1.54430e+00
1.79200e+03,1.54472e+00
1.79300e+03,1.54515e+00
1.79400e+03,1.54670e+00
1.79500e+03,1.54633e+00
1.79600e+03,1.54628e+00
1.79700e+03,1.54583e+00
1.79800e+03,1.54608e+00
1.79900e+03,1.54593e+00
1.80000e+03,1.54590e+00
1.80100e+03,1.54714e+00
1.80200e+03,1.54825e+00
1.80300e+03,1.54810e+00
1.80400e+03,1.54720e+00
1.80500e+03,1.54694e+00
1.80600e+03,1.54758e+00
1.80700e+03,1.54723e+00
1.80800e+03,1.54691e+00
1.80900e+03,1.54716e+00
1.81000e+03,1.54671e+00
1.81100e+03,1.54669e+00
1.81200e+03,1.54718e+00
1.81300e+03,1.54733e+00
1.81400e+03,1.54759e+00
1.81500e+03,1.54737e+00
1.81600e+03,1.54797e+00
1.81700e+03,1.54730e+00
1.81800e+03,1.54757e+00
1.81900e+03,1.54766e+00
1.82000e+03,1.54820e+00
1.82100e+03,1.54950e+00
1.82200e+03,1.54865e+00
1.82300e+03,1.54974e+00
1.82400e+03,1.54924e+00
1.82500e+03,1.54924e+00
1.82600e+03,1.54841e+00
1.82700e+03,1.54907e+00
1.82800e+03,1.54910e+00
1.82900e+03,1.54948e+00
1.83000e+03,1.54872e+00
1.83100e+03,1.54847e+00
1.83200e+03,1.54856e+00
1.83300e+03,1.54982e+00
1.83400e+03,1.55005e+00
1.83500e+03,1.54962e+00
1.83600e+03,1.54900e+00
1.83700e+03,1.54920e+00
1.83800e+03,1.55051e+00
1.83900e+03,1.55051e+00
1.84000e+03,1.55041e+00
1.84100e+03,1.55020e+00
1.84200e+03,1.55065e+00
1.84300e+03,1.55097e+00
1.84400e+03,1.55105e+00
1.84500e+03,1.55130e+00
1.84600e+03,1.55062e+00
1.84700e+03,1.55147e+00
1.84800e+03,1.55092e+00
1.84900e+03,1.55115e+00
1.85000e+03,1.55066e+00
1.85100e+03,1.55059e+00
1.85200e+03,1.55069e+00
1.85300e+03,1.55159e+00
1.85400e+03,1.55160e+00
1.85500e+03,1.55101e+00
1.85600e+03,1.54956e+00
1.85700e+03,1.54962e+00
1.85800e+03,1.55033e+00
1.85900e+03,1.55041e+00
1.86000e+03,1.54981e+00
1.86100e+03,1.54936e+00
1.86200e+03,1.54899e+00
1.86300e+03,1.55005e+00
1.86400e+03,1.55017e+00
1.86500e+03,1.55098e+00
1.86600e+03,1.55041e+00
1.86700e+03,1.55023e+00
1.86800e+03,1.55019e+00
1.86900e+03,1.55076e+00
1.87000e+03,1.55129e+00
1.87100e+03,1.55213e+00
1.87200e+03,1.55127e+00
1.87300e+03,1.55059e+00
1.87400e+03,1.55056e+00
1.87500e+03,1.55041e+00
1.87600e+03,1.55095e+00
1.87700e+03,1.55082e+00
1.87800e+03,1.55113e+00
1.87900e+03,1.55081e+00
1.88000e+03,1.54973e+00
1.88100e+03,1.55040e+00
1.88200e+03,1.55057e+00
1.88300e+03,1.55034e+00
1.88400e+03,1.54947e+00
1.88500e+03,1.54989e+00
1.88600e+03,1.55070e+00
1.88700e+03,1.55099e+00
1.88800e+03,1.55086e+00
1.88900e+03,1.55022e+00
1.89000e+03,1.55044e+00
1.89100e+03,1.55053e+00
1.89200e+03,1.55035e+00
1.89300e+03,1.55094e+00
1.89400e+03,1.55033e+00
1.89500e+03,1.55082e+00
1.89600e+03,1.55050e+00
1.89700e+03,1.55088e+00
1.89800e+03,1.54958e+00
1.89900e+03,1.55028e+00
1.90000e+03,1.55034e+00
1.90100e+03,1.55017e+00
1.90200e+03,1.55046e+00
1.90300e+03,1.54973e+00
1.90400e+03,1.54993e+00
1.90500e+03,1.54937e+00
1.90600e+03,1.55026e+00
1.90700e+03,1.55039e+00
1.90800e+03,1.55027e+00
1.90900e+03,1.55018e+00
1.91000e+03,1.55005e+00
1.91100e+03,1.55049e+00
1.91200e+03,1.55099e+00
1.91300e+03,1.55031e+00
1.91400e+03,1.55017e+00
1.91500e+03,1.54965e+00
1.91600e+03,1.55001e+00
1.91700e+03,1.54957e+00
1.91800e+03,1.54959e+00
1.91900e+03,1.55038e+00
1.92000e+03,1.55136e+00
1.92100e+03,1.55043e+00
1.92200e+03,1.54957e+00
1.92300e+03,1.54831e+00
1.92400e+03,1.54912e+00
1.92500e+03,1.54864e+00
1.92600e+03,1.54913e+00
1.92700e+03,1.54935e+00
1.92800e+03,1.55119e+00
1.92900e+03,1.55172e+00
1.93000e+03,1.55110e+00
1.93100e+03,1.55136e+00
1.93200e+03,1.55175e+00
1.93300e+03,1.55241e+00
1.93400e+03,1.55196e+00
1.93500e+03,1.55203e+00
1.93600e+03,1.55162e+00
1.93700e+03,1.55033e+00
1.93800e+03,1.54988e+00
1.93900e+03,1.55011e+00
1.94000e+03,1.55105e+00
1.94100e+03,1.55109e+00
1.94200e+03,1.55186e+00
1.94300e+03,1.55183e+00
1.94400e+03,1.55105e+00
1.94500e+03,1.55131e+00
1.94600e+03,1.55072e+00
1.94700e+03,1.55126e+00
1.94800e+03,1.55102e+00
1.94900e+03,1.55154e+00
1.95000e+03,1.55140e+00
1.95100e+03,1.55200e+00
1.95200e+03,1.55245e+00
1.95300e+03,1.55225e+00
1.95400e+03,1.55255e+00
1.95500e+03,1.55310e+00
1.95600e+03,1.55340e+00
1.95700e+03,1.55353e+00
1.95800e+03,1.55271e+00
1.95900e+03,1.55220e+00
1.96000e+03,1.55189e+00
1.96100e+03,1.55167e+00
1.96200e+03,1.55159e+00
1.96300e+03,1.55121e+00
1.96400e+03,1.55175e+00
1.96500e+03,1.55189e+00
1.96600e+03,1.55223e+00
1.96700e+03,1.55297e+00
1.96800e+03,1.55364e+00
1.96900e+03,1.55404e+00
1.97000e+03,1.55302e+00
1.97100e+03,1.55268e+00
1.97200e+03,1.55182e+00
1.97300e+03,1.55203e+00
1.97400e+03,1.55245e+00
1.97500e+03,1.55311e+00
1.97600e+03,1.55321e+00
1.97700e+03,1.55278e+00
1.97800e+03,1.55331e+00
1.97900e+03,1.55332e+00
1.98000e+03,1.55363e+00
1.98100e+03,1.55277e+00
1.98200e+03,1.55348e+00
1.98300e+03,1.55300e+00
1.98400e+03,1.55279e+00
1.98500e+03,1.55354e+00
1.98600e+03,1.55467e+00
1.98700e+03,1.55558e+00
1.98800e+03,1.55552e+00
1.98900e+03,1.55517e+00
1.99000e+03,1.55482e+00
1.99100e+03,1.55476e+00
1.99200e+03,1.55512e+00
1.99300e+03,1.55597e+00
1.99400e+03,1.55533e+00
1.99500e+03,1.55526e+00
1.99600e+03,1.55433e+00
1.99700e+03,1.55483e+00
1.99800e+03,1.55383e+00
1.99900e+03,1.55345e+00
2.00000e+03,1.55292e+00
2.00100e+03,1.55208e+00
2.00200e+03,1.55207e+00
2.00300e+03,1.55265e+00
2.00400e+03,1.55397e+00
2.00500e+03,1.55403e+00
2.00600e+03,1.55305e+00
2.00700e+03,1.55320e+00
2.00800e+03,1.55396e+00
2.00900e+03,1.55429e+00
2.01000e+03,1.55375e+00
2.01100e+03,1.55372e+00
2.01200e+03,1.55459e+00
2.01300e+03,1.55473e+00
2.01400e+03,1.55405e+00
2.01500e+03,1.55337e+00
2.01600e+03,1.55349e+00
2.01700e+03,1.55379e+00
2.01800e+03,1.55487e+00
2.01900e+03,1.55402e+00
2.02000e+03,1.55316e+00
2.02100e+03,1.55239e+00
2.02200e+03,1.55237e+00
2.02300e+03,1.55336e+00
2.02400e+03,1.55369e+00
2.02500e+03,1.55414e+00
2.02600e+03,1.55347e+00
2.02700e+03,1.55340e+00
2.02800e+03,1.55257e+00
2.02900e+03,1.55232e+00
2.03000e+03,1.55212e+00
2.03100e+03,1.55281e+00
2.03200e+03,1.55274e+00
2.03300e+03,1.55376e+00
2.03400e+03,1.55386e+00
2.03500e+03,1.55471e+00
2.03600e+03,1.55447e+00
2.03700e+03,1.55363e+00
2.03800e+03,1.55257e+00
2.03900e+03,1.55246e+00
2.04000e+03,1.55270e+00
2.04100e+03,1.55333e+00
2.04200e+03,1.55264e+00
2.04300e+03,1.55149e+00
2.04400e+03,1.55109e+00
2.04500e+03,1.55126e+00
2.04600e+03,1.55178e+00
2.04700e+03,1.55139e+00