Pixels #,Intensity (a.u.),Wavelength (nm),Raman shift (cm-1),Raman shift (cm-1) adjusted,Filtered Intensity (a.u.),Baselined Filtered Intensity (a.u.)
0.0,1501.43,543.8026457996183,407.9683062731482,406.92886894508683,1501.26,-0.11065046427256675
1.0,1501.65,543.8575925175063,409.826175938805,408.78586283789423,1501.26,-0.11065040492303524
2.0,1501.26,543.9125392353943,411.68367023587587,410.6424815390589,1501.43,0.05934993377604769
3.0,1501.19,543.9674859532823,413.54078927811076,412.49872516227737,1501.26,-0.11064983817527718
4.0,1501.74,544.0224326711705,415.3975331792144,414.3545938212007,1501.26,-0.11064979077627868
5.0,1501.13,544.0773793890585,417.25390205283935,416.2100876294278,1501.19,-0.18064937402709802
6.0,1501.74,544.1323261069465,419.10989601259917,418.06520670051873,1501.43,0.05935080207268584
7.0,1500.88,544.1872728248345,420.9655151720575,419.9199511479836,1501.35,-0.020648652476893403
8.0,1501.43,544.2422195427225,422.8207596447368,421.77432108529143,1501.35,-0.0206485976748354
9.0,1501.35,544.2971662606105,424.6756295441076,423.62831662585916,1501.24,-0.13064848352155423
10.0,1501.24,544.3521129784986,426.5301249836012,425.48193788306463,1501.24,-0.13064839001685868
11.0,1500.84,544.4070596963866,428.3842460765992,427.335184970236,1501.24,-0.13064842716039493
12.0,1500.95,544.4620064142747,430.23799293643964,429.188058000658,1501.14,-0.23064899495216196
13.0,1501.96,544.5169531321627,432.0913656764066,431.04055708756107,1501.02,-0.35064998339316844
14.0,1501.14,544.5718998500507,433.94436440974926,432.89268234414124,1501.14,-0.23065038248387282
15.0,1501.02,544.6268465679387,435.796989249667,434.7444338835444,1501.47,0.09934898777464696
16.0,1501.47,544.6817932858268,437.64924030931155,436.595811818869,1501.35,-0.020651992617786163
17.0,1501.67,544.7367400037148,439.5011177017933,438.4468162631721,1501.47,0.09934712633798881
18.0,1501.35,544.7916867216028,441.3526215401708,440.29744732945886,1501.47,0.09934654464086634
19.0,1501.51,544.8466334394908,443.2037519374655,442.1477051306976,1501.51,0.13934594229044706
20.0,1501.16,544.9015801573789,445.0545090066492,443.9975897798068,1501.35,-0.020654520714288083
21.0,1501.75,544.956526875267,446.9048928606393,445.8471013896506,1501.51,0.13934480562693352
22.0,1500.66,545.011473593155,448.7549036123208,447.6962400730609,1501.33,-0.04065548868720725
23.0,1501.88,545.066420311043,450.60454137452666,449.54500594281734,1501.75,0.3793435063432753
24.0,1501.33,545.121367028931,452.45380626004857,451.3933991116585,1501.51,0.13934301071708433
25.0,1501.83,545.176313746819,454.30269838162616,453.2414196922709,1501.51,0.13934247443398817
26.0,1501.51,545.231260464707,456.1512178519601,455.089067797302,1501.51,0.1393423974934649
27.0,1501.23,545.286207182595,457.9993647837034,456.9363435393518,1501.51,0.13934245989526062
28.0,1501.54,545.3411539004832,459.8471392894656,458.78324703097667,1501.51,0.13934238163938062
29.0,1501.12,545.3961006183712,461.694541481802,460.6297783846789,1501.23,-0.1406575272740156
30.0,1501.63,545.4510473362592,463.5415714732312,462.4759377129241,1501.52,0.1493423131551026
31.0,1500.93,545.5059940541472,465.38822937622393,464.32172512812986,1501.52,0.1493424129266714
32.0,1501.52,545.5609407720352,467.2345153032098,466.16714074267287,1501.52,0.14934207204055383
33.0,1501.66,545.6158874899232,469.0804293665642,468.0121846688756,1501.41,0.03934188049652221
34.0,1501.41,545.6708342078113,470.92597167862783,469.8568570190257,1501.52,0.14934197829416007
35.0,1501.38,545.7257809256993,472.771142351685,471.7011579053546,1501.66,0.28934211543401034
36.0,1501.75,545.7807276435874,474.6159414979875,473.54508744006114,1501.41,0.039342261915862764
37.0,1501.77,545.8356743614754,476.46036922972854,475.38864573528565,1501.38,0.009342787740024505
38.0,1500.98,545.8906210793634,478.3044256590624,477.2318329031296,1501.38,0.009343712906911605
39.0,1501.38,545.9455677972514,480.148110898102,479.07464905565297,1501.38,0.009344247417629958
40.0,1501.21,546.0005145151395,481.9914250589084,480.91709430486407,1501.38,0.009344791272496877
41.0,1501.43,546.0554612330275,483.8343682535035,482.759168762732,1501.38,0.009345174472173312
42.0,1501.42,546.1104079509155,485.6769405938593,484.6008725411759,1501.42,0.049345617016797405
43.0,1500.87,546.1653546688035,487.51914219190456,486.4422057520718,1501.42,0.04934610890700242
44.0,1501.79,546.2203013866916,489.36097315952895,488.2831685072567,1501.03,-0.3406538998567612
45.0,1501.03,546.2752481045796,491.2024336085614,490.1237609185067,1501.03,-0.34065348927447303
46.0,1501.03,546.3301948224677,493.0435236508005,491.9639830975678,1501.03,-0.34065341934569915
47.0,1501.61,546.3851415403557,494.8842433979972,493.8038351561381,1501.03,-0.3406536900702122
48.0,1500.98,546.4400882582437,496.72459296185025,495.643317205864,1501.48,0.10934627855158396
49.0,1501.72,546.4950349761317,498.5645724540238,497.4824293583567,1501.61,0.23934585651954876
50.0,1501.48,546.5499816940197,500.40418198612787,499.32117172517377,1501.48,0.10934578383353255
51.0,1501.8,546.6049284119077,502.2434216697355,501.1595444178356,1501.51,0.13934582049319033
52.0,1501.44,546.6598751297959,504.082291616372,502.99754754781503,1501.48,0.10934628649874867
53.0,1501.51,546.7148218476839,505.9207919375108,504.8351812265328,1501.51,0.13934682185049496
54.0,1501.3,546.7697685655719,507.7589227445883,506.67244556537287,1501.44,0.0693474965491987
55.0,1501.51,546.8247152834599,509.5966841489976,508.50934067567584,1501.44,0.06934810059533447
56.0,1500.8,546.8796620013479,511.434076262082,510.3458666687324,1501.36,-0.010651156010681007
57.0,1501.44,546.9346087192359,513.2710991951413,512.1820236557901,1501.38,0.009349016732585369
58.0,1501.36,546.989555437124,515.107753059432,514.0178117480527,1501.38,0.009349258824613571
59.0,1501.38,547.044502155012,516.9440379661651,515.8532310566791,1501.44,0.0693494902659495
60.0,1501.58,547.0994488729001,518.7799540265102,517.6882816927863,1501.38,0.009349731057000099
61.0,1501.72,547.1543955907881,520.6155013515807,519.5229637674354,1501.38,0.009350181197532947
62.0,1501.08,547.2093423086761,522.4506800524599,521.3572773916572,1501.47,0.09935098068831394
63.0,1501.11,547.2642890265641,524.2854902401785,523.1912226764304,1501.11,-0.2606485104699914
64.0,1501.47,547.3192357444522,526.1199320257242,525.0247997326899,1501.11,-0.26064826227684534
65.0,1501.03,547.3741824623402,527.9540055200412,526.8580086713279,1501.16,-0.21064791473168043
66.0,1501.29,547.4291291802282,529.7877108340282,528.6908496031907,1501.16,-0.21064790783452736
67.0,1501.16,547.4840758981162,531.6210480785385,530.5233226390795,1501.11,-0.2606479815856346
68.0,1501.02,547.5390226160043,533.454017364386,532.355427889756,1501.16,-0.21064826598444597
69.0,1501.11,547.5939693338923,535.2866188023265,534.1871654659236,1501.16,-0.21064890103161815
70.0,1501.55,547.6489160517804,537.1188525030873,536.0185354782574,1501.53,0.15935020327219718
71.0,1501.53,547.7038627696684,538.9507185773438,537.8495380373807,1501.55,0.17934948692641228
72.0,1501.84,547.7588094875564,540.7822171357278,539.6801732538734,1501.55,0.17934892993002904
73.0,1501.82,547.8137562054444,542.6133482888262,541.5104412382698,1501.78,0.40934884228249757
74.0,1501.03,547.8687029233324,544.4441121471838,543.3403421010629,1501.78,0.4093492039837656
75.0,1501.78,547.9236496412204,546.2745088212982,545.1698759526981,1501.16,-0.210650774965643
76.0,1501.16,547.9785963591086,548.1045384216283,546.9990429035822,1501.03,-0.34065034456602916
77.0,1500.87,548.0335430769966,549.9342010585758,548.8278430640651,1501.0,-0.3706501248166205
78.0,1501.0,548.0884897948846,551.7634968425106,550.6562765444644,1501.0,-0.37065040571746977
79.0,1500.77,548.1434365127726,553.5924258837565,552.484343455052,1501.0,-0.37065105726878755
80.0,1501.26,548.1983832306606,555.420988292588,554.3120439060505,1501.26,-0.11065230947110649
81.0,1501.41,548.2533299485486,557.249184179238,556.1393780076405,1501.26,-0.11065367232572498
82.0,1501.55,548.3082766664367,559.0770136539003,557.9663458699642,1501.41,0.03934500416607989
83.0,1501.07,548.3632233843247,560.9044768267149,559.7929476031097,1501.41,0.03934386000287304
84.0,1501.78,548.4181701022128,562.731573807789,561.6191833171322,1501.26,-0.11065758481640842
85.0,1501.26,548.4731168201008,564.558304707169,563.445053122026,1501.26,-0.11065862029340678
86.0,1501.11,548.5280635379888,566.3846696348733,565.270557127758,1501.26,-0.11065976642908026
87.0,1501.65,548.5830102558768,568.2106687008725,567.0956954442468,1501.19,-0.18066117322450737
88.0,1500.65,548.6379569737649,570.0363020150852,568.9204681813592,1501.11,-0.26066230068136065
89.0,1501.19,548.6929036916529,571.8615696873974,570.7448754489293,1500.98,-0.39066414880016964
90.0,1500.98,548.7478504095409,573.6864718276411,572.5689173567375,1500.98,-0.3906661775831708
91.0,1500.83,548.8027971274289,575.5110085456133,574.3925940145291,1501.19,-0.18066859703230875
92.0,1501.54,548.857743845317,577.3351799510614,576.2159055319994,1501.07,-0.30067155715028093
93.0,1501.6,548.912690563205,579.158986153685,578.0388520187965,1501.54,0.16932565206025174
94.0,1501.07,548.9676372810931,580.9824272631488,579.8614335845336,1501.54,0.16932309059666295
95.0,1501.68,549.0225839989811,582.8055033890679,581.683650338774,1501.28,-0.09067977154404616
96.0,1501.28,549.0775307168691,584.6282146410161,583.5055023910397,1501.23,-0.14068232436443395
97.0,1501.23,549.1324774347571,586.4505611285217,585.3269898508074,1501.28,-0.09068496786744618
98.0,1501.07,549.1874241526451,588.2725429610718,587.1481128275128,1501.28,-0.0906877520553735
99.0,1501.44,549.2423708705331,590.0941602481037,588.9688714305414,1501.23,-0.14069083693107132
100.0,1501.44,549.2973175884213,591.9154130990217,590.7892657692461,1501.34,-0.030693852497961416
101.0,1500.91,549.3522643063093,593.7363016231701,592.6092959529194,1501.34,-0.03069679875852671
102.0,1501.34,549.4072110241973,595.5568259298645,594.4289620908256,1501.29,-0.08070020571585701
103.0,1501.29,549.4621577420853,597.376986128371,596.2482642921792,1501.29,-0.08070364337322644
104.0,1501.28,549.5171044599733,599.1967823279097,598.0672026661489,1501.34,-0.030707161734198962
105.0,1501.8,549.5720511778613,601.0162146376621,599.8857773218647,1501.29,-0.08071077080217037
106.0,1501.53,549.6269978957494,602.8352831667617,601.7039883684085,1501.49,0.11928604941908816
107.0,1501.07,549.6819446136374,604.6539880243009,603.5218359148216,1501.49,0.1192830289264748
108.0,1501.49,549.7368913315255,606.4723293193333,605.3393200701059,1501.18,-0.1907202922830038
109.0,1500.81,549.7918380494135,608.2903071608515,607.1564409432027,1501.18,-0.19072349421298895
110.0,1501.18,549.8467847673015,610.1079216578221,608.9731986430273,1501.18,-0.19072725686646663
111.0,1501.54,549.9017314851895,611.925172919164,610.7895932784471,1501.18,-0.19073121024734974
112.0,1500.91,549.9566782030776,613.7420610537484,612.6056249582823,1501.18,-0.1907349943594454
113.0,1501.45,550.0116249209656,615.5585861704078,614.4212937913137,1501.31,-0.06073923920666857
114.0,1501.18,550.0665716388536,617.3747483779264,616.2365998862745,1501.2,-0.17074340479302919
115.0,1501.31,550.1215183567416,619.19054778505,618.0515433518591,1501.2,-0.17074776112281143
116.0,1501.2,550.1764650746297,621.0059845004781,619.866124296716,1501.18,-0.19075217820022772
117.0,1501.09,550.2314117925177,622.8210586328632,621.6803428294461,1501.2,-0.17075676602985368
118.0,1501.1,550.2863585104058,624.635770290823,623.494199058616,1501.2,-0.17076163461638316
119.0,1501.72,550.3413052282938,626.4501195829228,625.3076930927401,1501.44,0.06923322603552151
120.0,1501.44,550.3962519461818,628.2641066176933,627.1208250402977,1501.72,0.349228435920395
121.0,1501.77,550.4511986640698,630.0777315036134,628.9335950097167,1501.72,0.34922371503353133
122.0,1501.75,550.5061453819578,631.8909943491274,630.7460031093901,1501.44,0.06921939337053118
123.0,1501.07,550.5610920998458,633.7038952626268,632.5580494476585,1501.75,0.3792154509269494
124.0,1500.9,550.616038817734,635.5164343524716,634.3697341328307,1501.23,-0.14078879230123675
125.0,1501.91,550.670985535622,637.3286117269624,636.1810572731562,1501.23,-0.14079350631823218
126.0,1501.23,550.72593225351,639.1404274943701,637.992018976855,1501.35,-0.02079768112889724
127.0,1501.35,550.780878971398,640.9518817629173,639.8026193520986,1501.51,0.13919800326289078
128.0,1501.95,550.835825689286,642.7629746407858,641.6128585070179,1501.35,-0.020806333147220357
129.0,1501.51,550.890772407174,644.573706236112,643.4227365496981,1501.35,-0.020810090363511335
130.0,1501.03,550.945719125062,646.3840766569905,645.2322535881832,1501.17,-0.20081370838988732
131.0,1501.17,551.0006658429502,648.1940860114752,647.0414097304758,1501.14,-0.23081766723021246
132.0,1500.69,551.0556125608382,650.0037344075636,648.8502050845228,1501.14,-0.2308218268881319
133.0,1501.14,551.1105592787262,651.8130219532289,650.6586397582463,1501.14,-0.23082666736809188
134.0,1501.5,551.1655059966142,653.6219487563886,652.466713859513,1500.88,-0.4908317386746148
135.0,1500.72,551.2204527145022,655.430514924925,654.2744274961543,1501.02,-0.35083668081301767
136.0,1500.88,551.2753994323903,657.2387205666685,656.0817807759498,1500.94,-0.43084227378790274
137.0,1501.02,551.3303461502783,659.046565789417,657.8887738066467,1500.94,-0.4308483576051003
138.0,1500.94,551.3852928681663,660.8540507009185,659.6954066959421,1501.02,-0.3508547922706384
139.0,1501.79,551.4402395860544,662.6611754088799,661.501679551492,1501.68,0.309138342209053
140.0,1501.7,551.4951863039424,664.4679400209623,663.3075924809069,1501.68,0.30913189582702216
141.0,1501.68,551.5501330218304,666.274344644786,665.1131455917564,1501.68,0.3091257785770267
142.0,1501.3,551.6050797397185,668.0803893879317,666.9183389915705,1501.65,0.27911997045271164
143.0,1501.65,551.6600264576065,669.8860743579354,668.7231727878344,1501.65,0.27911409144826393
144.0,1501.54,551.7149731754945,671.6913996622866,670.5276470879869,1501.65,0.27910849155796313
145.0,1501.95,551.7699198933825,673.4963654084344,672.3317619994266,1501.7,0.32910306077610585
146.0,1501.81,551.8248666112705,675.3009717037884,674.1355176295124,1501.7,0.32909820909731025
147.0,1501.7,551.8798133291587,677.1052186557127,675.9389140855578,1501.81,0.4390937965167723
148.0,1501.65,551.9347600470467,678.9091063715241,677.741951474829,1501.7,0.32908971303004364
149.0,1501.83,551.9897067649347,680.712634958502,679.5446299045549,1501.65,0.27908590863307836
150.0,1501.63,552.0446534828227,682.5158045238827,681.346949481921,1501.63,0.2590825633219538
151.0,1501.49,552.0996002007107,684.3186151748613,683.1489103140722,1501.5,0.12907947709322798
152.0,1501.21,552.1545469185987,686.1210670185852,684.9505125081051,1501.49,0.11907650994407959
153.0,1501.5,552.2094936364867,687.9231601621648,686.7517561710798,1501.21,-0.16092661812854203
154.0,1501.21,552.2644403543748,689.724894712663,688.5526414100087,1501.21,-0.1609296171279766
155.0,1500.86,552.3193870722629,691.5262707771057,690.3531683318673,1501.21,-0.16093277705704168
156.0,1500.84,552.3743337901509,693.3272884624666,692.1533370435789,1501.21,-0.16093644791885708
157.0,1501.32,552.4292805080389,695.1279478756853,693.9531476520324,1501.32,-0.05094064971717671
158.0,1501.75,552.4842272259269,696.9282491236573,695.7526002640732,1501.4,0.029055097544187447
159.0,1501.4,552.539173943815,698.7281923132352,697.5516949865034,1501.4,0.02905122386050607
160.0,1501.76,552.594120661703,700.5277775512282,699.3504319260818,1501.4,0.029047379228359205
161.0,1501.04,552.649067379591,702.3270049444017,701.1488111895237,1501.25,-0.12095607635660599
162.0,1501.25,552.704014097479,704.1258745994847,702.9468328835077,1501.25,-0.12095986289750726
163.0,1501.01,552.7589608153671,705.9243866231585,704.7444971146647,1501.25,-0.12096377039824802
164.0,1501.37,552.8139075332551,707.7225411220609,706.5418039895823,1501.34,-0.03096803886296584
165.0,1501.34,552.8688542511431,709.5203382027883,708.3387536148066,1501.36,-0.010972308295549738
166.0,1501.36,552.9238009690312,711.317777971896,710.1353460968428,1501.36,-0.010976608700502766
167.0,1501.42,552.9787476869192,713.1148605359007,711.9315815421572,1501.34,-0.03098092008212916
168.0,1500.94,553.0336944048072,714.9115860012687,713.7274600571661,1501.36,-0.010985182444528618
169.0,1501.12,553.0886411226952,716.7079544744319,715.5229817482511,1501.12,-0.25098987579212917
170.0,1501.69,553.1435878405832,718.503966061772,717.3181467217439,1501.12,-0.25099482012979024
171.0,1501.07,553.1985345584714,720.2996208696406,719.1129550839458,1501.38,0.009000554538033612
172.0,1501.61,553.2534812763594,722.0949190043287,720.9074069410979,1501.38,0.008995628206321271
173.0,1501.38,553.3084279942474,723.889860572099,722.7015023994126,1501.29,-0.0810090591298831
174.0,1501.29,553.3633747121354,725.6844456791705,724.4952415650588,1501.38,0.008986262525240818
175.0,1500.85,553.4183214300234,727.478674431715,726.2886245441586,1501.38,0.008981503166523908
176.0,1501.48,553.4732681479114,729.2725469358694,728.0816514427984,1501.44,0.0689762227891606
177.0,1501.56,553.5282148657994,731.0660632977206,729.8743223670153,1501.44,0.06897105138796178
178.0,1501.44,553.5831615836875,732.8592236233167,731.6666374228076,1501.44,0.06896606895793411
179.0,1501.01,553.6381083015756,734.6520280186687,733.4585967161362,1501.11,-0.26103884450617443
180.0,1500.69,553.6930550194636,736.4444765897335,735.2502003529079,1501.01,-0.36104411900896594
181.0,1501.11,553.7480017373516,738.2365694424378,737.0414484389996,1500.82,-0.5510500745558602
182.0,1500.82,553.8029484552396,740.0283066826604,738.8323410802401,1500.82,-0.5510562911529178
183.0,1500.75,553.8578951731276,741.8196884162388,740.6228783824172,1501.03,-0.34106305880595755
184.0,1501.28,553.9128418910157,743.6107147489697,742.4130604512776,1501.03,-0.3410704475222701
185.0,1501.03,553.9677886089037,745.4013857866059,744.2028873925243,1501.12,-0.2510779273090975
186.0,1501.5,554.0227353267917,747.1917016348617,745.9923593118216,1501.28,-0.09108574817378212
187.0,1501.12,554.0776820446798,748.9816623994119,747.7814763147946,1501.43,0.058906559875822495
188.0,1501.59,554.1326287625678,750.7712681858732,749.5702385070103,1501.5,0.12889861683197523
189.0,1501.43,554.1875754804558,752.560519099838,751.3586459940112,1501.47,0.09889089268676798
190.0,1501.54,554.2425221983439,754.3494152468492,753.1466988812906,1501.47,0.09888322743245226
191.0,1501.47,554.2974689162319,756.1379567324125,754.9343972743044,1501.47,0.09887573106152558
192.0,1501.41,554.3524156341199,757.9261436619863,756.7217412784612,1501.47,0.09886833356631541
193.0,1501.87,554.4073623520079,759.7139761409918,758.5087309991326,1501.41,0.03886097493955276
194.0,1500.75,554.4623090698959,761.5014542748027,760.2953665416425,1501.34,-0.031145884826401016
195.0,1501.34,554.517255787784,763.288578168762,762.0816480112844,1501.34,-0.031153365737964123
196.0,1501.26,554.5722025056721,765.0753479281525,763.8675755132914,1501.26,-0.11116087780283124
197.0,1501.65,554.6271492235601,766.8617636582328,765.6531491528724,1501.32,-0.05116850102876924
198.0,1501.09,554.6820959414481,768.6478254642095,767.4383690351847,1501.26,-0.11117584542307668
199.0,1501.32,554.7370426593361,770.4335334512567,769.2232352653524,1501.32,-0.05118347099346465
200.0,1501.08,554.7919893772241,772.2188877244945,771.0077479484463,1501.27,-0.10119114774693116
201.0,1501.57,554.8469360951121,774.0038883890144,772.7919071895084,1501.27,-0.10119911569154283
202.0,1501.27,554.9018828130002,775.7885355498561,774.5757130935289,1501.27,-0.10120688483539197
203.0,1501.06,554.9568295308883,777.5728293120291,776.3591657654675,1501.57,0.19878524481396198
204.0,1501.58,555.0117762487763,779.3567697804817,778.1422653102235,1501.34,-0.031222936751419184
205.0,1501.63,555.0667229666643,781.1403570601389,779.9250118326719,1501.56,0.18876909046025503
206.0,1501.34,555.1216696845523,782.9235912558777,781.7074054376407,1501.56,0.18876137644110713
207.0,1501.56,555.1766164024403,784.706472472536,783.4894462299183,1501.48,0.10875363118316272
208.0,1501.48,555.2315631203284,786.4890008149041,785.2711343142454,1501.48,0.1087460746787201
209.0,1501.38,555.2865098382164,788.2711763877379,787.0524697953286,1501.48,0.10873862692028524
210.0,1501.56,555.3414565561044,790.0529992957493,788.8334527778305,1501.45,0.07873118790053013
211.0,1501.45,555.3964032739925,791.8344696436095,790.6140833663732,1501.45,0.07872393761181229
212.0,1500.79,555.4513499918805,793.6155875359419,792.3943616655304,1501.5,0.12871676604709137
213.0,1501.5,555.5062967097685,795.396353077335,794.1742877798413,1501.5,0.12870901319888617
214.0,1501.66,555.5612434276566,797.1767663723364,795.9538618138043,1501.56,0.18870138905981548
215.0,1502.11,555.6161901455446,798.9568275254501,797.7330838718744,1501.56,0.1886940536221573
216.0,1501.56,555.6711368634326,800.7365366411389,799.5119540584649,1501.59,0.21868745687834235
217.0,1501.52,555.7260835813206,802.5158938238246,801.2904724779484,1501.56,0.18868104882221814
218.0,1501.59,555.7810302992086,804.2948991778876,803.0686392346561,1501.52,0.14867478944711365
219.0,1500.91,555.8359770170968,806.0735528076716,804.8464544328825,1501.52,0.14866874874655878
220.0,1500.95,555.8909237349848,807.851854817466,806.6239181768678,1501.56,0.1886622467147845
221.0,1501.82,555.9458704528728,809.6298053115341,808.4010305708264,1501.56,0.18865532334530144
222.0,1501.56,556.0008171707608,811.4074043940873,810.1777917189203,1501.56,0.1886488486311464
223.0,1501.74,556.0557638886488,813.1846521693022,811.9542017252771,1501.56,0.188642562565974
224.0,1501.11,556.1107106065368,814.9615487413101,813.7302606939791,1501.11,-0.26136335485671225
225.0,1500.91,556.1656573244248,816.738094214205,815.505968729071,1500.94,-0.43136953364250985
226.0,1500.94,556.2206040423129,818.5142886920379,817.2813259345548,1500.94,-0.43137617379807125
227.0,1500.73,556.275550760201,820.2901322788207,819.0563324143936,1500.94,-0.43138324532992556
228.0,1501.96,556.330497478089,822.0656250785153,820.8309882725002,1500.94,-0.4313909582449469
229.0,1501.37,556.385444195977,823.8407671950555,822.6052936127593,1501.37,-0.0013980825513044692
230.0,1500.76,556.440390913865,825.615558732323,824.3792485390038,1501.37,-0.0014052082556190726
231.0,1501.46,556.495337631753,827.389999794165,826.1528531550316,1501.37,-0.0014129453652458324
232.0,1501.29,556.5502843496411,829.1640904843894,827.926107564602,1501.42,0.048579406112366996
233.0,1501.5,556.6052310675291,830.9378309067565,829.6990118714265,1501.46,0.08857167616906736
234.0,1501.42,556.6601777854171,832.7112211649877,831.4715661791771,1501.5,0.12856407479739573
235.0,1501.66,556.7151245033052,834.4842613627716,833.243770591494,1501.5,0.1285565219898217
236.0,1501.77,556.7700712211932,836.2569516037386,835.0156252119585,1501.42,0.048549257738841334
237.0,1501.29,556.8250179390812,838.0292919914949,836.7871301441281,1501.31,-0.06145760796312061
238.0,1501.01,556.8799646569693,839.801282629597,838.5582854915104,1501.29,-0.08146455512246575
239.0,1501.31,556.9349113748573,841.5729236215625,840.3290913575742,1501.29,-0.08147186374640114
240.0,1501.17,556.9898580927453,843.3442150708719,842.0995478457512,1501.31,-0.061479233842192116
241.0,1501.49,557.0448048106333,845.1151570809602,843.8696550594278,1501.46,0.08851319458290163
242.0,1501.46,557.0997515285214,846.8857497552235,845.6394131019513,1501.49,0.11850574152117588
243.0,1501.51,557.1546982464095,848.6559931970123,847.4088220766232,1501.49,0.11849837696513532
244.0,1501.57,557.2096449642975,850.4258875096444,849.177882086713,1501.46,0.08849115090765736
245.0,1501.27,557.2645916821855,852.1954327963904,850.9465932354424,1501.36,-0.011515876658904745
246.0,1500.57,557.3195384000735,853.9646291604854,852.7149556259978,1501.36,-0.01152300574108267
247.0,1501.36,557.3744851179615,855.7334767051199,854.4829693615212,1501.27,-0.1015309363463075
248.0,1502.16,557.4294318358495,857.5019755334466,856.2506345451168,1501.36,-0.011538878482497239
249.0,1501.11,557.4843785537375,859.2701257485735,858.0179512798436,1501.39,0.018453967842788188
250.0,1501.39,557.5393252716257,861.0379274535755,859.7849196687282,1501.43,0.05844655262194465
251.0,1501.43,557.5942719895137,862.8053807514736,861.5515398147429,1501.39,0.018439155847545408
252.0,1501.9,557.6492187074017,864.5724857452605,863.3178118208319,1501.43,0.05843181751220072
253.0,1501.04,557.7041654252897,866.3392425378854,865.083735789896,1501.53,0.1584250076086846
254.0,1501.85,557.7591121431777,868.1056512322523,866.8493118247904,1501.57,0.19841786613005752
255.0,1501.53,557.8140588610657,869.8717119312322,868.614540028338,1501.54,0.1684112030693541
256.0,1501.57,557.8690055789538,871.6374247376489,870.3794205033138,1501.54,0.16840469841986305
257.0,1501.54,557.9239522968418,873.4027897542868,872.1439533524539,1501.53,0.1583983921750587
258.0,1500.93,557.9788990147299,875.1678070839002,873.9081386784642,1501.54,0.16839225432840976
259.0,1501.08,558.0338457326179,876.9324768291802,875.6719765839872,1501.54,0.168385674873889
260.0,1502.02,558.0887924505059,878.6967990927989,877.4354671716467,1501.49,0.11837880380517163
261.0,1501.66,558.143739168394,880.46077397738,879.198610544018,1501.59,0.21837258111509072
262.0,1501.49,558.198685886282,882.2244015855066,880.961406803636,1501.59,0.21836664679767637
263.0,1501.59,558.25363260417,883.9876820197204,882.7238560529939,1501.59,0.2183608308471321
264.0,1501.46,558.308579322058,885.750615382526,884.4859583945481,1501.49,0.11835523325726172
265.0,1501.71,558.363526039946,887.513201776385,886.2477139307118,1501.46,0.08834972402246422
266.0,1501.44,558.4184727578341,889.2754413037242,888.0091227638636,1501.46,0.08834455313740364
267.0,1501.31,558.4734194757222,891.037334066916,889.7701849963275,1501.44,0.06833945059702273
268.0,1501.61,558.5283661936102,892.7988801683069,891.530900730402,1501.43,0.05833428639584781
269.0,1501.43,558.5833129114982,894.5600797102002,893.2912700683419,1501.41,0.03832936052913283
270.0,1501.41,558.6382596293862,896.3209327948534,895.0512931123567,1501.41,0.03832449299170548
271.0,1500.69,558.6932063472742,898.0814395244895,896.8109699646211,1501.32,-0.05168033622157964
272.0,1500.94,558.7481530651622,899.8416000012902,898.5703007272687,1501.32,-0.051685847115095385
273.0,1501.32,558.8030997830502,901.6014143273916,900.3292855023873,1501.14,-0.23169178969442328
274.0,1501.46,558.8580465009384,903.3608826049017,902.087924392037,1501.19,-0.18169778396577385
275.0,1501.14,558.9129932188264,905.12000493587,903.8462174982192,1501.19,-0.18170368993492048
276.0,1501.19,558.9679399367144,906.8787814223243,905.6041649229132,1501.14,-0.23170982760757397
277.0,1500.99,559.0228866546024,908.6372121662403,907.3617667680471,1501.14,-0.23171614699026577
278.0,1501.09,559.0778333724904,910.395297269561,909.1190231355157,1501.19,-0.18172284808906625
279.0,1501.58,559.1327800903784,912.1530368341821,910.8759341271666,1501.28,-0.09172983091070819
280.0,1501.28,559.1877268082665,913.9104309619667,912.6324998448149,1501.58,0.20826339453788023
281.0,1502.24,559.2426735261545,915.667479754734,914.3887203902319,1501.58,0.20825652824987628
282.0,1501.73,559.2976202440426,917.424183314267,916.1445958651525,1501.53,0.1582505302185382
283.0,1501.2,559.3525669619306,919.1805417422963,917.9001263712594,1501.53,0.1582448904375724
284.0,1501.53,559.4075136798186,920.9365551405267,919.6553120102094,1501.53,0.1582390789017154
285.0,1501.47,559.4624603977066,922.6922236106171,921.4101528836136,1501.53,0.15823342560474885
286.0,1501.77,559.5174071155947,924.4475472541878,923.1646490930443,1501.53,0.15822787054139553
287.0,1501.56,559.5723538334827,926.2025261728198,924.9188007400346,1501.53,0.15822271370575436
288.0,1501.53,559.6273005513707,927.9571604680508,926.6726079260744,1501.53,0.1582177450927702
289.0,1500.53,559.6822472692587,929.7114502413817,928.4260707526169,1501.53,0.1582129346977581
290.0,1500.89,559.7371939871468,931.4653955942763,930.1791893210776,1501.53,0.15820728251560467
291.0,1501.83,559.7921407050349,933.218996628149,931.9319637328235,1501.83,0.4582011485408657
292.0,1502.06,559.8470874229229,934.972253444381,933.684394089188,1501.83,0.4581954727673292
293.0,1501.97,559.9020341408109,936.7251661443152,935.4364804914661,1501.83,0.45819048518910677
294.0,1501.81,559.9569808586989,938.4777348292527,937.1882230409112,1501.81,0.43818609580125667
295.0,1501.51,560.0119275765869,940.2299596004536,938.9396218387358,1501.51,0.13818214459956835
296.0,1501.04,560.0668742944749,941.9818405591416,940.6906769861155,1501.51,0.13817833158009307
297.0,1501.48,560.121821012363,943.7333778064962,942.4413885841824,1501.48,0.10817418673900647
298.0,1501.83,560.1767677302511,945.4845714436627,944.1917567340341,1501.19,-0.1818298499276807
299.0,1501.19,560.2317144481391,947.2354215717365,945.9417815367183,1501.48,0.1081665715755662
300.0,1501.12,560.2866611660271,948.985928291787,947.6914630932567,1501.48,0.1081628112456201
301.0,1501.95,560.3416078839151,950.7360917048336,949.4408015046213,1501.19,-0.18184120092155354
302.0,1501.48,560.3965546018031,952.485911911861,951.1897968717489,1501.48,0.10815536507016077
303.0,1501.11,560.4515013196911,954.2353890138128,952.9384492955357,1501.48,0.1081520392172024
304.0,1501.62,560.5064480375792,955.9845231115958,954.6867588768409,1501.48,0.10814845151617192
305.0,1501.36,560.5613947554672,957.7333143060708,956.4347257164779,1501.36,-0.011854888036623379
306.0,1501.85,560.6163414733553,959.4817626980669,958.1823499152279,1501.62,0.24814176055588177
307.0,1501.3,560.6712881912433,961.229868388367,959.9296315738267,1501.52,0.14813888729031532
308.0,1501.66,560.7262349091313,962.977631477715,961.6765707929704,1501.52,0.14813594216343517
309.0,1501.52,560.7811816270194,964.7250520668227,963.4231676733235,1501.52,0.148133285172662
310.0,1501.02,560.8361283449074,966.4721302563538,965.1694223155022,1501.6,0.22813077631485612
311.0,1501.6,560.8910750627954,968.2188661469353,966.9153348200861,1501.52,0.14812791558824756
312.0,1501.76,560.9460217806834,969.9652598391594,968.6609052876199,1501.5,0.12812528298945836
313.0,1501.5,561.0009684985714,971.7113114335731,970.4061338186032,1501.57,0.19812303851608704
314.0,1501.34,561.0559152164595,973.4570210306881,972.1510205135005,1501.5,0.12812092216563542
315.0,1501.57,561.1108619343476,975.202388730969,973.8955654727288,1501.34,-0.03188122606411525
316.0,1500.68,561.1658086522356,976.9474146348517,975.6397687966769,1501.2,-0.17188317617478788
317.0,1501.2,561.2207553701236,978.6920988427228,977.3836305856838,1500.99,-0.38188581816916667
318.0,1500.84,561.2757020880116,980.4364414549381,979.1271509400582,1500.99,-0.38188863204914014
319.0,1500.99,561.3306488058996,982.1804425718121,980.8703299600674,1501.2,-0.17189197781772236
320.0,1501.58,561.3855955237876,983.9241022936143,982.6131677459332,1501.27,-0.10189570547868243
321.0,1501.63,561.4405422416756,985.667420720579,984.3556643978432,1501.27,-0.10189922503514026
322.0,1501.27,561.4954889595638,987.4103979529083,986.0978200159518,1501.58,0.2080975135090739
323.0,1501.17,561.5504356774518,989.1530340907498,987.8396347003597,1501.27,-0.10190584984911766
324.0,1501.78,561.6053823953398,990.8953292342231,989.5811085511393,1501.27,-0.10190941511314122
325.0,1501.14,561.6603291132278,992.6372834834045,991.3222416683196,1501.2,-0.17191257228660106
326.0,1501.71,561.7152758311158,994.3788969383332,993.0630341518927,1501.71,0.3380840386271302
327.0,1501.2,561.7702225490038,996.1201696990119,994.803486101814,1501.2,-0.17191901237492857
328.0,1501.71,561.8251692668919,997.8611018653951,996.543597617991,1501.38,0.008077764704012225
329.0,1500.97,561.8801159847799,999.6016935374073,998.2833688003012,1501.2,-0.1719251201395764
330.0,1501.38,561.935062702668,1001.3419448149318,1000.0227997485808,1501.33,-0.04192840690848243
331.0,1500.78,561.990009420556,1003.0818557978062,1001.7618905626201,1501.33,-0.04193168560573213
332.0,1501.33,562.044956138444,1004.8214265858378,1003.5006413421797,1501.33,-0.041935556234648175
333.0,1501.57,562.099902856332,1006.5606572787905,1005.2390521869762,1501.28,-0.0919394687989552
334.0,1501.28,562.1548495742201,1008.2995479763894,1006.9771231966878,1501.33,-0.04194318330291935
335.0,1500.91,562.2097962921081,1010.0380987783245,1008.7148544709576,1501.39,0.01805301025024164
336.0,1501.75,562.2647430099961,1011.7763097842385,1010.452246109381,1501.39,0.01804874185609151
337.0,1501.39,562.3196897278841,1013.5141810937456,1012.1892982115256,1501.39,0.01804485151069457
338.0,1501.63,562.3746364457722,1015.2517128064146,1013.9260108769131,1501.39,0.01804097921012726
339.0,1501.31,562.4295831636603,1016.9889050217731,1015.6623842050242,1501.31,-0.06196263504966737
340.0,1500.97,562.4845298815483,1018.7257578393142,1017.3984182953051,1501.17,-0.20196631127191722
341.0,1500.97,562.5394765994363,1020.4622713584936,1019.1341132471647,1501.17,-0.2019703894604845
342.0,1501.17,562.5944233173243,1022.198445678722,1020.8694691599668,1500.97,-0.4019748696196075
343.0,1501.59,562.6493700352123,1023.9342808993795,1022.6044861330445,1500.97,-0.40197955175335665
344.0,1500.97,562.7043167531003,1025.6697771198008,1024.3391642656857,1501.17,-0.2019840158666284
345.0,1500.62,562.7592634709883,1027.4049344392834,1026.0735036571414,1501.38,0.008011118036165499
346.0,1501.48,562.8142101888765,1029.1397529570884,1027.8075044066256,1501.38,0.008005499950058947
347.0,1501.38,562.8691569067645,1030.874232772433,1029.541166613309,1501.38,0.00799998986940409
348.0,1502.05,562.9241036246525,1032.6083739845005,1031.274490376328,1501.38,0.007994487788664628
349.0,1501.34,562.9790503425405,1034.3421766924344,1033.007475794779,1501.37,-0.0020103362978716177
350.0,1501.37,563.0339970604285,1036.0756409953372,1034.7401229677184,1501.37,-0.002015192394537735
351.0,1501.11,563.0889437783165,1037.8087669922768,1036.4724319941672,1501.37,-0.0020200505064167373
352.0,1501.78,563.1438904962046,1039.5415547822802,1038.2044029731055,1501.48,0.10797482936186498
353.0,1501.54,563.1988372140927,1041.274004464337,1039.9360360034764,1501.48,0.1079701172050136
354.0,1501.48,563.2537839319807,1043.0061161373912,1041.6673311841773,1501.48,0.10796557301819121
355.0,1501.01,563.3087306498687,1044.7378899003552,1043.3982886140739,1501.48,0.10796113679703012
356.0,1501.01,563.3636773677567,1046.4693258521056,1045.1289083919962,1501.22,-0.15204366146303983
357.0,1502.18,563.4186240856448,1048.2004240914741,1046.8591906167294,1501.22,-0.15204882176681167
358.0,1501.22,563.4735708035328,1049.9311847172555,1048.5891353870215,1501.57,0.19794682588053547
359.0,1501.6,563.5285175214208,1051.6616078282073,1050.3187428015835,1501.6,0.22794232147498406
360.0,1501.57,563.5834642393088,1053.3916935230461,1052.048012959086,1501.57,0.19793804501182422
361.0,1501.66,563.6384109571968,1055.121441900454,1053.7769459581639,1501.57,0.1979339664865165
362.0,1501.4,563.6933576750849,1056.8508530590764,1055.5055418974164,1501.57,0.19793017589518058
363.0,1501.57,563.748304392973,1058.5799270975078,1057.2338008753914,1501.57,0.1979264132339722
364.0,1501.28,563.803251110861,1060.3086641143134,1058.9617229906078,1501.42,0.047922848499410975
365.0,1501.83,563.858197828749,1062.0370642080252,1060.689308341551,1501.42,0.047919191687697094
366.0,1501.42,563.913144546637,1063.765127477126,1062.4165570266573,1501.29,-0.08208400720491227
367.0,1501.02,563.968091264525,1065.4928540200656,1064.1434691443305,1501.42,0.04791284181874289
368.0,1501.29,564.023037982413,1067.2202439352568,1065.8700447929366,1501.4,0.02790933875508017
369.0,1501.54,564.0779847003012,1068.9472973210738,1067.5962840708037,1501.31,-0.06209424639928329
370.0,1501.4,564.1329314181892,1070.6740142758472,1069.3221870762156,1501.31,-0.062097663648046364
371.0,1501.31,564.1878781360772,1072.4003948978707,1071.0477539074204,1501.4,0.02789894700572404
372.0,1501.03,564.2428248539652,1074.1264392854057,1072.7729846626326,1501.31,-0.06210450444177695
373.0,1501.55,564.2977715718532,1075.8521475366722,1074.497879440026,1501.09,-0.2821082979935454
374.0,1501.07,564.3527182897412,1077.5775197498488,1076.222438337733,1501.09,-0.2821119136535799
375.0,1501.09,564.4076650076292,1079.30255602308,1077.9466614538517,1501.09,-0.2821158314254717
376.0,1501.63,564.4626117255173,1081.0272564544684,1079.670548886439,1501.09,-0.2821200313130703
377.0,1500.95,564.5175584434054,1082.7516211420868,1081.3941007335206,1501.34,-0.03212397332072214
378.0,1502.08,564.5725051612934,1084.4756501839536,1083.1173170930695,1501.63,0.2578716625475863
379.0,1501.34,564.6274518791814,1086.1993436780656,1084.8401980630358,1501.34,-0.03213199371271003
380.0,1501.97,564.6823985970694,1087.9227017223714,1086.562743741322,1501.63,0.25786431789560993
381.0,1500.92,564.7373453149575,1089.645724414788,1088.284954225799,1501.34,-0.03213877263215181
382.0,1501.63,564.7922920328455,1091.368411853188,1090.0068296142936,1501.63,0.2578576847017757
383.0,1500.41,564.8472387507335,1093.0907641354122,1091.7283700045998,1500.95,-0.4221456001068873
384.0,1501.85,564.9021854686215,1094.8127813592578,1093.4495754944692,1501.45,0.07785015293893593
385.0,1500.95,564.9571321865096,1096.5344636224895,1095.1704461816203,1501.2,-0.17215361616513292
386.0,1501.45,565.0120789043976,1098.2558110228265,1096.8909821637262,1501.2,-0.17215780742276365
387.0,1501.2,565.0670256222857,1099.976823657955,1098.6111835384272,1501.2,-0.1721619208381071
388.0,1501.04,565.1219723401737,1101.6975016255233,1100.3310504033252,1501.21,-0.1621662064155771
389.0,1501.21,565.1769190580617,1103.4178450231436,1102.050582855987,1501.21,-0.16217082415914774
390.0,1501.65,565.2318657759497,1105.1378539483837,1103.7697809939336,1501.33,-0.042175604073918294
391.0,1501.33,565.2868124938377,1106.8575284987783,1105.4886449146543,1501.45,0.07781989383624932
392.0,1501.48,565.3417592117257,1108.5768687718232,1107.207174715599,1501.45,0.07781534956620817
393.0,1501.45,565.3967059296139,1110.2958748649814,1108.9253704941843,1501.33,-0.04218908688881129
394.0,1501.22,565.4516526475019,1112.0145468756625,1110.6432323477743,1501.45,0.07780655446754281
395.0,1501.18,565.5065993653899,1113.7328849012556,1112.3607603737119,1501.32,-0.05219795636980962
396.0,1501.48,565.5615460832779,1115.4508890391028,1114.0779546692936,1501.22,-0.1522026594050203
397.0,1501.32,565.6164928011659,1117.1685593865132,1115.7948153317823,1501.18,-0.1922072546428808
398.0,1500.96,565.6714395190539,1118.8858960407508,1117.5113424583965,1501.32,-0.05221190208817461
399.0,1501.12,565.726386236942,1120.6028990990487,1119.2275361463232,1501.12,-0.2522169617450345
400.0,1501.72,565.78133295483,1122.3195686586016,1120.9433964927114,1501.12,-0.2522222736188269
401.0,1501.07,565.8362796727181,1124.035904816567,1122.6589235946726,1501.12,-0.2522272377148056
402.0,1501.62,565.8912263906061,1125.7519076700544,1124.374117549271,1501.45,0.07776749596223453
403.0,1501.04,565.9461731084941,1127.467577316148,1126.0889784535448,1501.16,-0.21223752259334105
404.0,1501.45,566.0011198263821,1129.1829138518904,1127.8035064044905,1501.16,-0.2122428733864581
405.0,1501.16,566.0560665442702,1130.8979173742846,1129.5177014990659,1501.16,-0.21224814642255296
406.0,1500.88,566.1110132621582,1132.6125879803,1131.2315638341943,1501.32,-0.05225363170688979
407.0,1501.32,566.1659599800462,1134.3269257668621,1132.9450935067557,1501.32,-0.052259609244629246
408.0,1501.81,566.2209066979342,1136.040930830866,1134.6582906135995,1501.32,-0.052265639041934264
409.0,1501.72,566.2758534158223,1137.7546032691675,1136.3711552515358,1501.5,0.12772876889494
410.0,1501.19,566.3308001337103,1139.4679431785755,1138.083687517328,1501.5,0.12772352456067892
411.0,1501.5,566.3857468515984,1141.180950655872,1139.7958875077122,1501.27,-0.10228190205020837
412.0,1501.11,566.4406935694864,1142.8936257978005,1141.5077553193867,1501.27,-0.10228720094301025
413.0,1501.27,566.4956402873744,1144.6059687010634,1143.219291049008,1501.27,-0.10229276212317018
414.0,1501.43,566.5505870052624,1146.3179794623254,1144.9304947931953,1501.11,-0.26229842559610006
415.0,1500.97,566.6055337231504,1148.0296581782177,1146.6413666485344,1501.27,-0.10230403136711175
416.0,1501.07,566.6604804410384,1149.7410049453295,1148.3519067115687,1501.16,-0.21231003944217264
417.0,1501.28,566.7154271589266,1151.4520198602197,1150.0621150788118,1501.07,-0.30231634982760625
418.0,1501.16,566.7703738768146,1153.1627030193954,1151.7719918467253,1501.16,-0.21232275252896216
419.0,1500.68,566.8253205947026,1154.8730545193398,1153.4815371117468,1501.16,-0.21232936755313858
420.0,1501.46,566.8802673125906,1156.5830744564948,1155.1907509702728,1501.16,-0.21233667490673724
421.0,1501.11,566.9352140304786,1158.2927629272656,1156.899633518663,1501.2,-0.17234389459713384
422.0,1501.29,566.9901607483666,1160.0021200280182,1158.608184853238,1501.29,-0.08235137663155001
423.0,1501.2,567.0451074662546,1161.7111458550794,1160.3164050702792,1501.29,-0.08235894101721897
424.0,1501.36,567.1000541841427,1163.4198405047441,1162.0242942660363,1501.36,-0.012366677761974643
425.0,1501.52,567.1550009020308,1165.1282040732697,1163.731852536721,1501.36,-0.012374426873293487
426.0,1501.56,567.2099476199188,1166.8362366568683,1165.4390799785003,1501.52,0.14761797164101154
427.0,1501.3,567.2648943378068,1168.5439383517194,1167.1459766875082,1501.52,0.14761055777330512
428.0,1501.69,567.3198410556948,1170.2513092539682,1168.8525427598447,1501.48,0.10760307151599591
429.0,1501.22,567.3747877735829,1171.9583494597223,1170.558778291572,1501.3,-0.07240409713836016
430.0,1501.48,567.4297344914709,1173.6650590650465,1172.2646833787096,1501.48,0.10758858180338393
431.0,1501.17,567.4846812093589,1175.3714381659754,1173.9702581172469,1501.39,0.017581368333594583
432.0,1501.68,567.5396279272469,1177.0774868584997,1175.6755026031294,1501.48,0.10757395244513646
433.0,1501.39,567.594574645135,1178.7832052385818,1177.3804169322743,1501.39,0.01756684413066978
434.0,1501.82,567.649521363023,1180.488593402133,1179.0850012005474,1501.39,0.01755975338301141
435.0,1501.04,567.704468080911,1182.1936514450417,1180.7892555037922,1501.34,-0.032446889805214596
436.0,1501.34,567.7594147987991,1183.898379463152,1182.4931799378073,1501.34,-0.03245386543994755
437.0,1501.09,567.8143615166871,1185.60277755227,1184.196774598354,1501.09,-0.2824608735286347
438.0,1501.42,567.8693082345751,1187.30684580817,1185.9000395811615,1501.34,-0.03246816407818187
439.0,1500.8,567.9242549524631,1189.0105843265849,1187.6029749819172,1501.38,0.007524592904246674
440.0,1501.38,567.9792016703511,1190.7139932032128,1189.3055808962743,1501.38,0.007516777411183284
441.0,1501.57,568.0341483882393,1192.417072533715,1191.007857419849,1501.28,-0.0924910305652702
442.0,1501.28,568.0890951061273,1194.1198224137097,1192.7098046482142,1501.34,-0.03249864103258915
443.0,1500.91,568.1440418240153,1195.8222429387863,1194.4114226769145,1501.34,-0.032506343998647935
444.0,1501.34,568.1989885419033,1197.5243342044937,1196.1127116014538,1501.34,-0.03251450947095691
445.0,1501.53,568.2539352597913,1199.2260963063434,1197.8136715172984,1501.53,0.1574772925423531
446.0,1501.84,568.3088819776793,1200.9275293398125,1199.5143025198804,1501.53,0.15746925203302453
447.0,1501.93,568.3638286955673,1202.6286334003369,1201.214604704591,1501.53,0.15746167899283137
448.0,1501.52,568.4187754134554,1204.3294085833174,1202.9145781667858,1501.52,0.14745466341423707
449.0,1501.5,568.4737221313435,1206.0298549841273,1204.6142230017929,1501.5,0.12744779529043626
450.0,1500.82,568.5286688492315,1207.7299726980807,1206.313539304882,1501.46,0.0874410546141462
451.0,1501.3,568.5836155671195,1209.4297618204748,1208.0125271713048,1501.46,0.08743376137886116
452.0,1501.46,568.6385622850075,1211.1292224465656,1209.7111866962728,1501.3,-0.07257360442258687
453.0,1501.75,568.6935090028956,1212.8283546715672,1211.4095179749554,1501.46,0.08741911720244389
454.0,1500.78,568.7484557207836,1214.5271585906623,1213.10752110249,1501.46,0.0874122162463209
455.0,1501.5,568.8034024386716,1216.2256342989915,1214.8051961739723,1501.5,0.12740472270229475
456.0,1501.42,568.8583491565596,1217.923781891663,1216.5025432844661,1501.42,0.04739735656312405
457.0,1501.61,568.9132958744477,1219.621601463753,1218.1995625290024,1501.5,0.12739003782121472
458.0,1501.17,568.9682425923357,1221.3190931102831,1219.8962540025582,1501.42,0.047382956469618875
459.0,1502.16,569.0231893102238,1223.0162569262575,1221.5926178000927,1501.61,0.23737567250077518
460.0,1501.0,569.0781360281118,1224.7130930066328,1223.2886540165182,1502.11,0.7373691759078156
461.0,1502.16,569.1330827459998,1226.4096014463375,1224.984362746718,1502.11,0.7373623066839627
462.0,1502.11,569.1880294638878,1228.1057823402523,1226.6797440855285,1501.22,-0.15264377517746652
463.0,1501.22,569.2429761817758,1229.8016357832294,1228.3747981277565,1501.67,0.2973508803174809
464.0,1501.04,569.2979228996638,1231.497161870085,1230.0695249681742,1501.4,0.02734538316326507
465.0,1501.67,569.352869617552,1233.192360695595,1231.7639247015127,1501.3,-0.07266044664561377
466.0,1501.4,569.40781633544,1234.8872323544933,1233.457997422461,1501.4,0.027334020885291466
467.0,1501.3,569.462763053328,1236.5817769414912,1235.1517432256855,1501.63,0.25732851575003224
468.0,1502.01,569.517709771216,1238.2759945512505,1236.8451622058042,1501.4,0.027322937943154102
469.0,1501.63,569.572656489104,1239.9698852784065,1238.5382544574072,1501.63,0.25731799745926764
470.0,1501.02,569.627603206992,1241.6634492175478,1240.2310200750385,1501.65,0.2773133142932238
471.0,1501.65,569.68254992488,1243.356686463238,1241.9234591532174,1501.63,0.2573082784406324
472.0,1501.66,569.7374966427681,1245.0495971099936,1243.6155717864156,1501.65,0.2773035198963498
473.0,1501.29,569.7924433606562,1246.742181252303,1245.307358069077,1501.65,0.27729904865577737
474.0,1501.74,569.8473900785442,1248.434438984611,1246.9988180956022,1501.38,0.007294494714187749
475.0,1501.06,569.9023367964322,1250.1263704013297,1248.6899519603583,1501.29,-0.08270969193313249
476.0,1501.38,569.9572835143202,1251.8179755968347,1250.3807597576767,1501.38,0.007285808710321362
477.0,1500.97,570.0122302322083,1253.5092546654669,1252.0712415818539,1501.21,-0.16271868336070838
478.0,1501.52,570.0671769500963,1255.2002077015259,1253.761397527145,1501.21,-0.16272357815023497
479.0,1501.21,570.1221236679843,1256.8908347992806,1255.4512276877742,1501.21,-0.1627283256634655
480.0,1501.09,570.1770703858724,1258.5811360529613,1257.1407321579277,1501.47,0.0972667640949112
481.0,1501.47,570.2320171037604,1260.2711115567593,1258.829911031752,1501.36,-0.01273842888008403
482.0,1501.65,570.2869638216484,1261.960761404831,1260.5187644033597,1501.47,0.09725647540676619
483.0,1501.36,570.3419105395365,1263.6500856913003,1262.20729236683,1501.47,0.09725165694999305
484.0,1501.52,570.3968572574245,1265.3390845102476,1263.895495016199,1501.36,-0.012753174255294653
485.0,1500.77,570.4518039753125,1267.0277579557278,1265.5833724454772,1501.22,-0.15275785821359023
486.0,1501.22,570.5067506932005,1268.7161061217473,1267.2709247486266,1501.2,-0.1727631449296041
487.0,1501.2,570.5616974110885,1270.404129102285,1268.958152019582,1501.2,-0.17276858440891374
488.0,1501.17,570.6166441289765,1272.0918269912804,1270.6450543522385,1501.22,-0.152774196656992
489.0,1501.83,570.6715908468647,1273.7791998826408,1272.3316318404593,1501.2,-0.17278001167937873
490.0,1501.43,570.7265375647527,1275.4662478702276,1274.0178845780613,1501.17,-0.2027853694814894
491.0,1501.05,570.7814842826407,1277.1529710478721,1275.7038126588318,1501.43,0.057209329930856256
492.0,1501.09,570.8364310005287,1278.8393695093728,1277.389416176525,1501.32,-0.052796293447727294
493.0,1501.54,570.8913777184167,1280.525443348487,1279.074695224854,1501.09,-0.2828021996224379
494.0,1501.32,570.9463244363047,1282.21119265894,1280.7596498974997,1501.14,-0.23280793859885307
495.0,1500.91,571.0012711541928,1283.8966175344156,1282.4442802881022,1501.32,-0.05281373038383208
496.0,1501.14,571.0562178720809,1285.5817180685713,1284.1285864902743,1501.32,-0.052819984982079404
497.0,1501.53,571.1111645899689,1287.2664943550126,1285.812568597578,1501.48,0.10717352759957066
498.0,1501.48,571.1661113078569,1288.950946487324,1287.4962267035532,1501.48,0.10716719735478364
499.0,1501.75,571.2210580257449,1290.6350745590455,1289.179560901696,1501.48,0.10716097427712157
500.0,1500.77,571.2760047436329,1292.3188786636838,1290.8625712854691,1501.12,-0.25284487163980884
501.0,1500.81,571.330951461521,1294.0023588947138,1292.545257948303,1501.12,-0.2528513204015326
502.0,1501.12,571.385898179409,1295.6855153455656,1294.2276209835843,1500.81,-0.5628583320144571
503.0,1501.65,571.440844897297,1297.3683481096436,1295.9096604846727,1501.12,-0.2528655964858899
504.0,1500.64,571.4957916151851,1299.0508572803083,1297.5913765448852,1501.12,-0.2528725838228638
505.0,1501.21,571.5507383330731,1300.7330429508834,1299.2727692575015,1500.97,-0.4028803040321236
506.0,1500.97,571.6056850509611,1302.4149052146645,1300.953838715773,1500.97,-0.4028881871217891
507.0,1500.87,571.6606317688492,1304.096444164904,1302.634585012908,1501.19,-0.18289647309961765
508.0,1501.33,571.7155784867372,1305.7776598948212,1304.3150082420823,1501.19,-0.18290526197392865
509.0,1501.19,571.7705252046252,1307.4585524976037,1305.9951084964393,1501.19,-0.1829140937536522
510.0,1501.47,571.8254719225132,1309.1391220663952,1307.674885869079,1501.33,-0.04292310844766689
511.0,1500.97,571.8804186404012,1310.8193686943112,1309.3543404530726,1501.47,0.09706797393528177
512.0,1501.48,571.9353653582893,1312.4992924744304,1311.0334723414553,1501.47,0.09705865338628428
513.0,1501.81,571.9903120761774,1314.1788934997842,1312.7122816272145,1501.48,0.10704943989571802
514.0,1501.45,572.0452587940654,1315.8581718633839,1314.3907684033175,1501.48,0.10704066345442698
515.0,1501.88,572.1002055119534,1317.5371276581955,1316.068932762687,1501.45,0.07703196405395829
516.0,1501.33,572.1551522298414,1319.2157609771543,1317.746774798214,1501.43,0.05702377168563544
517.0,1501.31,572.2100989477294,1320.89407191316,1319.4242946027543,1501.43,0.05701553634116863
518.0,1501.43,572.2650456656174,1322.5720605590693,1321.1014922691215,1501.33,-0.04299276198798907
519.0,1501.74,572.3199923835055,1324.249727007714,1322.778367890103,1501.39,0.01699899669029037
520.0,1501.14,572.3749391013936,1325.9270713518847,1324.454921558446,1501.43,0.05699112236743531
521.0,1501.39,572.4298858192816,1327.6040936843303,1326.1311533668554,1501.39,0.016983015035748394
522.0,1501.69,572.4848325371696,1329.280794097774,1327.807063408011,1501.26,-0.11302507531308947
523.0,1501.26,572.5397792550576,1330.9571726848978,1329.4826517745507,1501.3,-0.07303284868680748
524.0,1501.16,572.5947259729456,1332.6332295383534,1331.157918559083,1501.3,-0.07304073509362752
525.0,1501.3,572.6496726908337,1334.3089647507509,1332.832863854174,1501.26,-0.11304883454090486
526.0,1501.43,572.7046194087217,1335.9843784146683,1334.5074877523584,1501.26,-0.11305700703701405
527.0,1501.12,572.7595661266097,1337.6594706226485,1336.1817903461354,1501.26,-0.1130651225901147
528.0,1501.26,572.8145128444978,1339.3342414671984,1337.8557717279677,1501.26,-0.11307349120829713
529.0,1500.94,572.8694595623858,1341.0086910407827,1339.5294319902773,1501.17,-0.20308197289978125
530.0,1501.56,572.9244062802738,1342.6828194358425,1341.202771225461,1501.26,-0.1130908876734793
531.0,1501.17,572.9793529981619,1344.3566267447738,1342.8757895258718,1501.38,0.0069003844621420285
532.0,1501.81,573.0342997160499,1346.0301130599419,1344.548486983831,1501.56,0.1868914534979922
533.0,1501.38,573.0892464339379,1347.7032784736773,1346.220863691626,1501.38,0.006882959425638546
534.0,1502.13,573.1441931518259,1349.3761230782718,1347.8929197415048,1501.71,0.33687447223587696
535.0,1500.96,573.1991398697139,1351.0486469659843,1349.5646552256828,1501.65,0.2768667419209123
536.0,1501.71,573.254086587602,1352.7208502290396,1351.2360702363414,1501.71,0.3368585984726451
537.0,1501.65,573.3090333054901,1354.3927329596204,1352.90716486562,1501.65,0.27685079188313466
538.0,1501.76,573.3639800233781,1356.0642952498797,1354.5779392056281,1501.65,0.276843262144439
539.0,1501.28,573.4189267412661,1357.735537191936,1356.2483933484405,1501.34,-0.03316388075108989
540.0,1501.32,573.4738734591541,1359.4064588778701,1357.9185273860949,1501.34,-0.03317111681053575
541.0,1501.34,573.5288201770421,1361.0770603997269,1359.5883414105926,1501.34,-0.03317840604108824
542.0,1501.4,573.5837668949301,1362.747341849518,1361.2578355139021,1501.4,0.02681427155016536
543.0,1501.84,573.6387136128182,1364.4173033192205,1362.9270097879569,1501.77,0.39680697595554193
544.0,1501.77,573.6936603307063,1366.086944900775,1364.5958643246545,1501.77,0.3968001471678235
545.0,1501.81,573.7486070485943,1367.7562666860829,1366.2643992158526,1501.81,0.43679371518032895
546.0,1501.33,573.8035537664823,1369.4252687670148,1367.9326145533787,1501.77,0.3967877199866052
547.0,1501.99,573.8585004843703,1371.093951235407,1369.600510429026,1501.61,0.23678168158039625
548.0,1501.13,573.9134472022583,1372.7623141830593,1371.2680869345506,1501.33,-0.043223740043913494
549.0,1501.61,573.9683939201464,1374.430357701734,1372.935344161672,1501.61,0.2367705951080552
550.0,1501.05,574.0233406380344,1376.098081883163,1374.6022822020786,1501.61,0.2367651670306259
551.0,1501.65,574.0782873559224,1377.7654868190377,1376.2689011474185,1501.61,0.2367594157185522
552.0,1501.93,574.1332340738105,1379.432572601023,1377.9352010893135,1501.65,0.2767539411661346
553.0,1501.39,574.1881807916985,1381.0993393207357,1379.6011821193374,1501.65,0.27674902336730156
554.0,1501.97,574.2431275095865,1382.7657870697656,1381.2668443290368,1501.39,0.01674412231750466
555.0,1500.88,574.2980742274746,1384.4319159396707,1382.9321878099263,1501.39,0.016739818011728858
556.0,1501.35,574.3530209453626,1386.0977260219645,1384.5972126534762,1501.39,0.016735020445821647
557.0,1501.45,574.4079676632506,1387.7632174081364,1386.2619189511329,1501.39,0.016730199615039965
558.0,1501.39,574.4629143811386,1389.42839018963,1387.926306794297,1501.39,0.01672545551446092
559.0,1501.75,574.5178610990266,1391.0932444578632,1389.5903762743435,1501.45,0.0767207281392075
560.0,1500.83,574.5728078169147,1392.7577803042145,1391.2541274826074,1501.4,0.02671637748471767
561.0,1501.55,574.6277545348028,1394.421997820024,1392.9175605103858,1501.4,0.026711483546705495
562.0,1501.4,574.6827012526908,1396.0858970966028,1394.580675448947,1501.4,0.02670676632010327
563.0,1501.33,574.7376479705788,1397.7494782252256,1396.2434723895224,1501.48,0.10670207580028546
564.0,1501.48,574.7925946884668,1399.4127412971304,1397.9059514233072,1501.48,0.10669734198245351
565.0,1501.65,574.8475414063548,1401.0756864035225,1399.5681126414636,1501.57,0.19669271486191064
566.0,1501.59,574.9024881242428,1402.73831363557,1401.2299561351167,1501.59,0.2166883644340487
567.0,1501.57,574.9574348421309,1404.4006230844066,1402.8914819953575,1501.59,0.21668423069445453
568.0,1501.59,575.012381560019,1406.0626148411382,1404.5526903132486,1501.59,0.2166802936392287
569.0,1500.94,575.067328277907,1407.724288996822,1406.2135811798046,1501.57,0.1966765732645399
570.0,1501.97,575.122274995795,1409.3856456424903,1407.8741546860144,1501.42,0.04667241956667567
571.0,1501.04,575.177221713683,1411.04668486914,1409.5344109228326,1501.42,0.04666886254108249
572.0,1501.42,575.232168431571,1412.7074067677293,1411.1943499811741,1501.86,0.48666497218414406
573.0,1501.86,575.287115149459,1414.3678114291856,1412.8539719519238,1501.86,0.48666112849218734
574.0,1502.04,575.3420618673471,1416.027898944398,1414.5132769259276,1501.86,0.48665777146129585
575.0,1502.23,575.3970085852351,1417.6876694042264,1416.1722649940027,1501.86,0.48665508108820177
576.0,1501.73,575.4519553031232,1419.3471228994927,1417.8309362469283,1501.82,0.44665324737002265
577.0,1501.82,575.5069020210112,1421.0062595209793,1419.4892907754438,1501.73,0.3566517703052341
578.0,1501.39,575.5618487388992,1422.6650793594379,1421.1473286702583,1501.54,0.16665073989202028
579.0,1501.54,575.6167954567873,1424.3235825055906,1422.805050022051,1501.44,0.06664972612975362
580.0,1501.44,575.6717421746753,1425.9817690501177,1424.4624549214595,1501.39,0.016648879017338913
581.0,1500.9,575.7266888925633,1427.6396390836694,1426.1195434590916,1501.2,-0.1733519014464946
582.0,1501.2,575.7816356104513,1429.2971926968567,1427.776315725515,1501.2,-0.17335315526224804
583.0,1501.18,575.8365823283393,1430.9544299802606,1429.4327718112681,1501.18,-0.19335458243108405
584.0,1501.46,575.8915290462274,1432.611351024429,1431.0889118068567,1501.18,-0.19335620295441913
585.0,1500.83,575.9464757641155,1434.2679559198648,1432.7447358027405,1501.18,-0.19335773683405932
586.0,1500.85,576.0014224820035,1435.924244757047,1434.4002438893558,1501.37,-0.0033598140714730107
587.0,1501.55,576.0563691998915,1437.5802176264172,1436.055436157102,1501.37,-0.0033624146685724554
588.0,1501.37,576.1113159177795,1439.2358746183809,1437.7103126963414,1501.4,0.026635161372269067
589.0,1501.4,576.1662626356675,1440.8912158233104,1439.3648735974043,1501.49,0.11663273404792562
590.0,1501.49,576.2212093535555,1442.5462413315413,1441.0191189505833,1501.4,0.02663033335647924
591.0,1501.56,576.2761560714437,1444.2009512333839,1442.6730488461465,1501.4,0.026628049295368328
592.0,1500.57,576.3311027893317,1445.8553456190973,1444.32666337431,1501.49,0.11662595186226099
593.0,1501.2,576.3860495072197,1447.5094245789203,1445.9799626252704,1501.51,0.13662305105503947
594.0,1501.62,576.4409962251077,1449.1631882030515,1447.6329466891839,1501.2,-0.1733800231290843
595.0,1501.51,576.4959429429957,1450.8166365816578,1449.2856156561743,1501.51,0.13661714930685775
596.0,1500.83,576.5508896608837,1452.4697698048687,1450.9379696163292,1501.54,0.16661445835984523
597.0,1501.6,576.6058363787718,1454.1225879627818,1452.5900086597035,1501.51,0.13661122402731962
598.0,1501.54,576.6607830966598,1455.775091145459,1454.2417328763167,1501.45,0.07660821630611281
599.0,1501.18,576.7157298145478,1457.4272794429287,1455.8931423561544,1501.45,0.0766053751929121
600.0,1501.45,576.7706765324359,1459.079152945188,1457.544237189172,1501.26,-0.1133976593148418
601.0,1501.26,576.8256232503239,1460.730711742189,1459.1950174652786,1501.18,-0.19340061722004975
602.0,1501.03,576.880569968212,1462.3819559238596,1460.8454832743598,1501.26,-0.11340368852597749
603.0,1501.07,576.9355166861,1464.0328855800933,1462.495634706267,1501.13,-0.2434071032355405
604.0,1501.74,576.990463403988,1465.6835008007445,1464.145471850812,1501.13,-0.2434108213521995
605.0,1501.13,577.045410121876,1467.3338016756347,1465.7949947977743,1501.32,-0.05341417287991135
606.0,1501.33,577.100356839764,1468.9837882945556,1467.4442036369028,1501.33,-0.04341776782166562
607.0,1501.32,577.1553035576521,1470.6334607472618,1469.09309845791,1501.33,-0.043421406181096245
608.0,1501.58,577.2102502755401,1472.2828191234667,1470.7416793504672,1501.33,-0.043425097961971915
609.0,1501.95,577.2651969934282,1473.9318635128598,1472.389946404221,1501.32,-0.053428583167942634
610.0,1501.06,577.3201437113162,1475.5805940050936,1474.0378997087826,1501.58,0.20656850819773354
611.0,1500.81,577.3750904292042,1477.229010689782,1475.6855393537228,1501.43,0.056565286131899484
612.0,1501.6,577.4300371470922,1478.8771136565126,1477.3328654285874,1501.21,-0.1634384993687945
613.0,1501.43,577.4849838649802,1480.5249029948338,1478.9798780228825,1501.43,0.05655794169206274
614.0,1501.21,577.5399305828682,1482.1723787942576,1480.6265772260779,1501.45,0.07655443931071204
615.0,1501.78,577.5948773007563,1483.8195411442696,1482.2729631276168,1501.43,0.05655077348365012
616.0,1501.45,577.6498240186444,1485.4663901343163,1483.919035816904,1501.45,0.07654751420727735
617.0,1501.36,577.7047707365324,1487.1129258538056,1485.564795383305,1501.45,0.07654433147854434
618.0,1501.72,577.7597174544204,1488.759148392119,1487.210241916159,1501.37,-0.0034588647060900257
619.0,1501.23,577.8146641723084,1490.4050578386014,1488.855375504769,1501.37,-0.003461714349441536
620.0,1501.37,577.8696108901964,1492.050654282567,1490.5001962384072,1501.37,-0.0034647074544409406
621.0,1501.6,577.9245576080845,1493.695937813289,1492.1447042063046,1501.37,-0.003467704024160412
622.0,1501.18,577.9795043259725,1495.3409085200105,1493.788899497662,1501.4,0.026529525938485676
623.0,1501.53,578.0344510438606,1496.985566491946,1495.4327822016521,1501.4,0.02652656243049023
624.0,1501.4,578.0893977617486,1498.6299118182646,1497.076352407402,1501.4,0.02652375544903407
625.0,1501.2,578.1443444796366,1500.2739445881095,1498.7196102040127,1501.4,0.02652097499139927
626.0,1501.49,578.1992911975246,1501.9176648905868,1500.3625556805484,1501.37,-0.003481978945501396
627.0,1501.37,578.2542379154127,1503.5610728147724,1502.005188926043,1501.36,-0.013484816364098151
628.0,1501.36,578.3091846333007,1505.2041684497055,1503.6475100294938,1501.36,-0.013487657267660325
629.0,1501.26,578.3641313511887,1506.8469518843904,1505.289519079863,1501.33,-0.04349051165877427
630.0,1501.33,578.4190780690767,1508.4894232078009,1506.9312161660825,1501.26,-0.1134934795402387
631.0,1501.01,578.4740247869647,1510.1315825088764,1508.57260137705,1501.26,-0.11349649091516767
632.0,1501.22,578.5289715048528,1511.7734298765213,1510.2136748016276,1501.22,-0.15349986578644348
633.0,1501.4,578.5839182227409,1513.4149653996012,1511.8544365286393,1501.2,-0.1735033941574784
634.0,1501.2,578.6388649406289,1515.0561891669581,1513.494886646885,1501.2,-0.17350689603199498
635.0,1500.99,578.6938116585169,1516.697101267392,1515.1350252451234,1501.2,-0.1735105714135443
636.0,1501.04,578.7487583764049,1518.3377017896757,1516.7748524120846,1501.2,-0.1735146303055899
637.0,1501.66,578.8037050942929,1519.977990822542,1518.4143682364602,1501.24,-0.13351902271256222
638.0,1501.24,578.8586518121809,1521.6179684546944,1520.0535728069115,1501.24,-0.1335231286382168
639.0,1501.59,578.9135985300691,1523.257634774805,1521.6924662120691,1501.46,0.08647263191301136
640.0,1501.1,578.9685452479571,1524.8969898715006,1523.331048540518,1501.24,-0.1335313910633431
641.0,1501.46,579.0234919658451,1526.5360338333874,1524.9693198808222,1501.46,0.08646431242914332
642.0,1500.76,579.0784386837331,1528.1747667490329,1526.6072803215081,1501.1,-0.2735398976142278
643.0,1501.88,579.1333854016211,1529.8131887069671,1528.2449299510638,1501.44,0.06645527880277768
644.0,1500.82,579.1883321195091,1531.4512997956958,1529.882268857953,1501.44,0.06645096167494557
645.0,1501.44,579.2432788373972,1533.0891001036807,1531.519297130596,1501.44,0.0664460909981699
646.0,1501.7,579.2982255552852,1534.7265897193581,1533.1560148573874,1501.44,0.06644128676725813
647.0,1500.81,579.3531722731733,1536.363768731132,1534.7924221266894,1501.46,0.08643680897762351
648.0,1501.46,579.4081189910613,1538.0006372273558,1536.4285190268138,1501.46,0.08643176762484472
649.0,1501.48,579.4630657089493,1539.6371952963727,1538.0643056460622,1501.46,0.08642681270362118
650.0,1501.37,579.5180124268373,1541.273443026476,1539.6997820726863,1501.48,0.10642196420917571
651.0,1501.68,579.5729591447254,1542.9093805059345,1541.3349483949132,1501.54,0.1664171121367417
652.0,1501.58,579.6279058626134,1544.5450078229806,1542.9698047009338,1501.58,0.20641256648127637
653.0,1501.54,579.6828525805014,1546.1803250658102,1544.6043510789025,1501.58,0.20640822723839847
654.0,1501.66,579.7377992983894,1547.8153323225902,1546.2385876169444,1501.54,0.16640405440375616
655.0,1500.84,579.7927460162775,1549.4500296814535,1547.8725144031512,1501.54,0.1664001679730518
656.0,1501.46,579.8476927341655,1551.0844172304958,1549.5061315255766,1501.58,0.20639574794245164
657.0,1501.68,579.9026394520536,1552.7184950577823,1551.1394390722448,1501.58,0.20639141430751806
658.0,1501.58,579.9575861699416,1554.3522632513461,1552.772437131147,1501.58,0.20638738706406912
659.0,1501.86,580.0125328878296,1555.9857218991856,1554.4051257902402,1501.68,0.30638356620806917
660.0,1500.99,580.0674796057176,1557.6188710892638,1556.0375051374463,1501.58,0.20638023173523834
661.0,1501.95,580.1224263236056,1559.251710909512,1557.6695752606545,1501.42,0.04637651364282647
662.0,1501.42,580.1773730414936,1560.884241447833,1559.3013362477266,1501.42,0.04637337192684754
663.0,1500.96,580.2323197593818,1562.5164627920901,1560.9327881864845,1501.42,0.04637027658418447
664.0,1501.69,580.2872664772698,1564.1483750301086,1562.563931164712,1501.42,0.04636676761174385
665.0,1500.95,580.3422131951578,1565.7799782496934,1564.1947652701726,1501.54,0.16636357500601662
666.0,1501.94,580.3971599130458,1567.4112725386083,1565.8252905905888,1501.56,0.18635995876388733
667.0,1501.54,580.4521066309338,1569.042257984583,1567.4555072136488,1501.54,0.16635690888188037
668.0,1501.56,580.5070533488218,1570.6729346753207,1569.0854152270144,1501.54,0.16635402535689536
669.0,1501.26,580.5620000667099,1572.303302698483,1570.7150147183063,1501.33,-0.04364867181425325
670.0,1501.04,580.6169467845979,1573.9333621417024,1572.3443057751153,1501.26,-0.11365148263394076
671.0,1501.33,580.671893502486,1575.5631130925842,1573.9732884850055,1501.13,-0.24365462710511565
672.0,1501.13,580.726840220374,1577.192555638684,1575.6019629354914,1501.13,-0.24365781523079022
673.0,1501.03,580.781786938262,1578.821689867543,1577.2303292140725,1501.33,-0.04366124701437002
674.0,1501.55,580.83673365615,1580.450515866656,1578.8583874082028,1501.22,-0.15366502245888114
675.0,1501.92,580.8916803740381,1582.079033723492,1580.48613760531,1501.22,-0.15366862156861316
676.0,1501.22,580.9466270919261,1583.7072435254834,1582.113579892785,1501.22,-0.15367167434715157
677.0,1501.01,581.0015738098141,1585.335145360032,1583.7407143579885,1501.1,-0.2736748807974436
678.0,1501.1,581.0565205277021,1586.962739314505,1585.367541088247,1501.1,-0.273678450922489
679.0,1500.95,581.1114672455902,1588.5900254762391,1586.9940601708554,1501.1,-0.2736822947258588
680.0,1501.44,581.1664139634782,1590.2170039325301,1588.6202716930686,1501.44,0.06631343778872179
681.0,1501.48,581.2213606813663,1591.8436747706478,1590.2461757421154,1501.44,0.0663092366166893
682.0,1501.58,581.2763073992543,1593.4700380778308,1591.871772405193,1501.48,0.10630514175386452
683.0,1501.3,581.3312541171423,1595.0960939412778,1593.497061769459,1501.58,0.20630125319598847
684.0,1501.86,581.3862008350303,1596.7218424481605,1595.1220439220442,1501.58,0.20629729093934657
685.0,1501.99,581.4411475529183,1598.347283685614,1596.7467189500428,1501.34,-0.03370618501980971
686.0,1500.95,581.4960942708063,1599.9724177407434,1598.3710869405184,1501.34,-0.033709044685338085
687.0,1501.34,581.5510409886945,1601.5972447006206,1599.995147980502,1501.34,-0.03371232805989166
688.0,1501.26,581.6059877065825,1603.2217646522793,1601.6189021569862,1501.26,-0.11371564514661259
689.0,1501.88,581.6609344244705,1604.8459776827262,1603.2423495569371,1501.34,-0.03371907594919321
690.0,1500.53,581.7158811423585,1606.469883878932,1604.865490267284,1501.26,-0.11372200047048864
691.0,1501.58,581.7708278602465,1608.0934833278366,1606.488324374926,1501.34,-0.03372576871402089
692.0,1500.76,581.8257745781345,1609.7167761163455,1608.1108519667275,1501.34,-0.033729330683399894
693.0,1501.34,581.8807212960226,1611.3397623313333,1609.7330731295224,1501.34,-0.03373350638230477
694.0,1501.39,581.9356680139106,1612.9624420596406,1611.35498795011,1501.34,-0.033737715814595504
695.0,1501.34,581.9906147317987,1614.5848153880793,1612.9765965152615,1501.34,-0.033741908984666225
696.0,1501.23,582.0455614496867,1616.2068824034159,1614.5978989117023,1501.34,-0.033746135896535634
697.0,1501.43,582.1005081675747,1617.8286431923952,1616.2188952261367,1501.34,-0.03375050655472478
698.0,1501.34,582.1554548854627,1619.4500978417298,1617.839585545236,1501.27,-0.10375482096310407
699.0,1501.27,582.2104016033508,1621.0712464380947,1619.4599699556347,1501.34,-0.03375916912636967
700.0,1500.91,582.2653483212388,1622.6920890681333,1621.0800485439352,1501.34,-0.033763621048819914
701.0,1501.6,582.3202950391268,1624.312625818458,1622.699821396709,1501.27,-0.1037685367348331
702.0,1501.64,582.3752417570149,1625.9328567756488,1624.3192886004954,1501.26,-0.1137732261893234
703.0,1500.95,582.4301884749029,1627.552782026249,1625.9384502417965,1501.6,0.22622235058292972
704.0,1501.26,582.485135192791,1629.1724016567712,1627.557306407085,1501.26,-0.1137824964223455
705.0,1501.67,582.540081910679,1630.791715753698,1629.1758571828022,1501.26,-0.11378745721026462
706.0,1501.23,582.595028628567,1632.4107244034772,1630.7941026553547,1501.57,0.19620787821418162
707.0,1501.67,582.649975346455,1634.0294276925242,1632.412042911118,1501.57,0.19620306984666058
708.0,1501.57,582.704922064343,1635.6478257072235,1634.0296780364354,1501.5,0.12619855768230082
709.0,1501.19,582.759868782231,1637.2659185339214,1635.6470081176126,1501.5,0.12619424171612081
710.0,1501.5,582.814815500119,1638.8837062589396,1637.2640332409305,1501.47,0.0961897419442721
711.0,1501.47,582.8697622180072,1640.5011889685634,1638.880753492634,1501.32,-0.05381463163803346
712.0,1501.32,582.9247089358952,1642.118366749041,1640.4971689589304,1501.32,-0.05381890903504427
713.0,1501.24,582.9796556537832,1643.735239686597,1642.1132797260038,1501.31,-0.06382324025094022
714.0,1500.94,583.0346023716712,1645.3518078674142,1643.7290858799963,1501.24,-0.13382770529005938
715.0,1501.31,583.0895490895592,1646.9680713776524,1645.3445875070272,1501.2,-0.17383260415681434
716.0,1501.2,583.1444958074472,1648.584030303432,1646.959784693176,1501.2,-0.17383756685603657
717.0,1501.18,583.1994425253353,1650.1996847308426,1648.574677524492,1501.31,-0.06384270339322029
718.0,1501.37,583.2543892432234,1651.8150347459484,1650.1892660869987,1501.25,-0.12384803377290154
719.0,1501.47,583.3093359611114,1653.4300804347636,1651.80355046667,1501.25,-0.12385336800070945
720.0,1501.25,583.3642826789994,1655.044821883289,1653.4175307494656,1501.25,-0.12385860608196708
721.0,1500.69,583.4192293968874,1656.6592591774825,1655.0312070213035,1501.12,-0.2538639680219603
722.0,1501.12,583.4741761147754,1658.2733924032714,1656.6445793680703,1501.09,-0.2838700138256627
723.0,1501.08,583.5291228326635,1659.887221646555,1658.2576478756248,1501.08,-0.2938763134993678
724.0,1501.09,583.5840695505515,1661.5007469931932,1659.8704126297862,1501.09,-0.28388290704947394
725.0,1500.59,583.6390162684395,1663.1139685290182,1661.4828737163464,1501.08,-0.29388978448241687
726.0,1501.3,583.6939629863275,1664.7268863398292,1663.0950312210643,1501.08,-0.2938974458052144
727.0,1501.07,583.7489097042156,1666.3395005113955,1664.7068852296686,1501.08,-0.2939051810253659
728.0,1501.08,583.8038564221036,1667.9518111294449,1666.3184358278465,1501.08,-0.29391322015089827
729.0,1501.74,583.8588031399917,1669.5638182796813,1667.929683101262,1501.08,-0.29392155318964797
730.0,1501.01,583.9137498578797,1671.1755220477783,1669.540627135548,1501.37,-0.0039295201497679955
731.0,1501.37,583.9686965757677,1672.7869225193685,1671.1512680162969,1501.37,-0.003937851039381712
732.0,1501.47,584.0236432936557,1674.3980197800606,1672.7616058290766,1501.37,-0.003946185866880114
733.0,1500.94,584.0785900115437,1676.0088139154238,1674.3716406594167,1501.37,-0.003954424640596699
734.0,1501.41,584.1335367294319,1677.6193050110064,1675.9813725928245,1501.41,0.03603690263116732
735.0,1501.09,584.1884834473199,1679.2294931523084,1677.59080171476,1501.41,0.03602826593987629
736.0,1501.57,584.2434301652079,1680.8393784248083,1679.1999281106612,1501.41,0.03601934527682715
737.0,1501.58,584.2983768830959,1682.4489609139544,1680.8087518659365,1501.37,-0.003989379367112633
738.0,1500.76,584.3533236009839,1684.0582407051534,1682.417273065952,1501.37,-0.003997898000307032
739.0,1501.37,584.4082703188719,1685.6672178837882,1684.0254917960508,1501.31,-0.06400703063150104
740.0,1501.31,584.4632170367599,1687.275892535208,1685.6334081415412,1501.31,-0.0640161672697559
741.0,1501.2,584.518163754648,1688.8842647447257,1687.2410221876962,1501.37,-0.004025367923986778
742.0,1501.75,584.573110472536,1690.492334597625,1688.8483340197595,1501.31,-0.06403474260355324
743.0,1501.63,584.6280571904241,1692.100102179165,1690.45534372295,1501.2,-0.17404374131774603
744.0,1501.17,584.6830039083121,1693.7075675745539,1692.0620513824354,1501.17,-0.20405248407564613
745.0,1501.09,584.7379506262001,1695.3147308689854,1693.6684570833693,1501.17,-0.2040614308862132
746.0,1500.92,584.7928973440881,1696.9215921476152,1695.2745609108674,1501.09,-0.2840706617582782
747.0,1501.45,584.8478440619762,1698.5281514955643,1696.8803629500107,1501.09,-0.2840803467006481
748.0,1500.72,584.9027907798642,1700.134408997927,1698.4858632858532,1500.92,-0.4540899557234752
749.0,1501.43,584.9577374977522,1701.7403647397612,1700.0910620034126,1501.43,0.05589978116358907
750.0,1500.8,585.0126842156403,1703.3460188060988,1701.695959187681,1501.43,0.05588957395048055
751.0,1501.7,585.0676309335283,1704.951371281928,1703.3005549236063,1501.43,0.05587879262679962
752.0,1502.07,585.1225776514163,1706.556422252216,1704.9048492961158,1501.53,0.1558683371818006
753.0,1500.82,585.1775243693044,1708.1611718018967,1706.5088423901034,1501.56,0.18585857760535873
754.0,1501.53,585.2324710871924,1709.7656200158654,1708.112534290424,1501.53,0.15584826388749207
755.0,1501.56,585.2874178050804,1711.3697669789954,1709.7159250819116,1501.53,0.15583810601788173
756.0,1501.46,585.3423645229684,1712.9736127761216,1711.3190148493604,1501.56,0.185828133986206
757.0,1501.56,585.3973112408564,1714.5771574920457,1712.9218036775326,1501.56,0.18581824778289047
758.0,1501.89,585.4522579587446,1716.1804012115479,1714.5242916511681,1501.46,0.08580854739784627
759.0,1500.62,585.5072046766326,1717.7833440193565,1716.1264788549554,1501.15,-0.22420063717868288
760.0,1501.15,585.5621513945206,1719.385986000189,1717.7283653735722,1501.15,-0.2242105759557944
761.0,1500.56,585.6170981124086,1720.9883272387215,1719.3299512916544,1501.15,-0.22422073894358618
762.0,1501.31,585.6720448302966,1722.5903678195955,1720.9312366938038,1501.26,-0.11423171615206229
763.0,1501.26,585.7269915481846,1724.1921078274286,1722.5322216645982,1501.26,-0.11424275759191005
764.0,1501.52,585.7819382660726,1725.7935473468017,1724.1329062885786,1501.31,-0.06425391327456964
765.0,1500.72,585.8368849839607,1727.3946864622653,1725.7332906502554,1501.26,-0.11426492321106707
766.0,1501.58,585.8918317018488,1728.995525258339,1727.3333748341086,1501.06,-0.3142765874124507
767.0,1500.82,585.9467784197368,1730.5960638195065,1728.933158924582,1501.06,-0.3142880458904074
768.0,1501.06,586.0017251376248,1732.1963022302227,1730.5326430060904,1501.31,-0.06430005865649946
769.0,1501.31,586.0566718555128,1733.79624057491,1732.1318271630166,1501.06,-0.31431238572258735
770.0,1501.96,586.1116185734008,1735.3958789379647,1733.7307114797177,1501.31,-0.06432477710109197
771.0,1501.01,586.1665652912889,1736.9952174037446,1735.329296040511,1501.31,-0.06433658280457166
772.0,1501.45,586.2215120091769,1738.5942560565766,1736.9275809296837,1501.01,-0.36434875284453483
773.0,1500.95,586.2764587270649,1740.1929949807572,1738.525566231493,1501.01,-0.3643608472332289
774.0,1500.98,586.331405444953,1741.7914342605575,1740.1232520301699,1501.45,0.07562663401722602
775.0,1501.54,586.386352162841,1743.3895739802047,1741.720638409902,1501.45,0.07561372089435281
776.0,1501.45,586.441298880729,1744.9874142238998,1743.3177254548507,1501.45,0.07560097338500782
777.0,1501.65,586.4962455986171,1746.5849550758187,1744.9145132491522,1501.45,0.07558830147672779
778.0,1501.18,586.5511923165051,1748.1821966200969,1746.5110018769021,1501.36,-0.014424094843434432
779.0,1501.36,586.6061390343931,1749.779138940843,1748.1071914221698,1501.26,-0.11443668558740683
780.0,1501.26,586.6610857522811,1751.3757821221325,1749.7030819689908,1501.26,-0.11444929076810695
781.0,1500.59,586.7160324701691,1752.9721262480084,1751.2986736013684,1501.26,-0.1144620103982561
782.0,1501.51,586.7709791880573,1754.5681714024895,1752.893966403282,1501.26,-0.1144755144903229
783.0,1501.15,586.8259259059453,1756.16391766955,1754.4889604586665,1501.29,-0.08448888305792934
784.0,1501.51,586.8808726238333,1757.7593651331415,1756.0836558514334,1501.51,0.13549752388553316
785.0,1501.29,586.9358193417213,1759.3545138771854,1757.6780526654647,1501.32,-0.05451593367342866
786.0,1501.66,586.9907660596093,1760.9493639855668,1759.2721509846065,1501.51,0.13547052425155925
787.0,1501.32,587.0457127774973,1762.54391554214,1760.8659508926726,1501.48,0.10545726764712526
788.0,1501.75,587.1006594953853,1764.1381686307332,1762.4594524734523,1501.48,0.10544395649981197
789.0,1501.48,587.1556062132734,1765.7321233351358,1764.0526558106953,1501.39,0.015431020796540906
790.0,1501.39,587.2105529311615,1767.3257797391154,1765.64556098813,1501.39,0.015418190524314923
791.0,1500.99,587.2654996490495,1768.9191379263941,1767.238168089439,1501.39,0.015405375670297872
792.0,1501.09,587.3204463669375,1770.5121979806768,1768.830477198287,1501.39,0.01539217622189426
793.0,1501.48,587.3753930848255,1772.1049599856267,1770.4224883982988,1501.39,0.015378692165540997
794.0,1501.39,587.4303398027135,1773.6974240248815,1772.014201773072,1501.47,0.0953653134877186
795.0,1501.62,587.4852865206016,1775.2895901820484,1773.6056174061748,1501.47,0.09535195017519982
796.0,1501.47,587.5402332384896,1776.8814585406976,1775.1967353811376,1501.47,0.095338832214793
797.0,1501.1,587.5951799563776,1778.473029184376,1776.7875557814682,1501.47,0.09532580959330517
798.0,1501.78,587.6501266742657,1780.0643021965946,1778.3780786906382,1501.42,0.04531251229764166
799.0,1501.18,587.7050733921537,1781.655277660829,1779.9683041920837,1501.3,-0.07470037968550969
800.0,1501.42,587.7600201100418,1783.2459556605274,1781.5582323692138,1501.42,0.0452865336310424
801.0,1501.3,587.8149668279298,1784.8363362791133,1783.1478633054126,1501.3,-0.07472650776594492
802.0,1501.97,587.8699135458178,1786.4264195999679,1784.7371970840218,1501.42,0.045260376110718425
803.0,1500.93,587.9248602637058,1788.0162057064492,1786.3262337883602,1501.48,0.10524785524762592
804.0,1501.57,587.9798069815938,1789.6056946818824,1787.9149735017138,1501.48,0.10523488963258387
805.0,1501.48,588.0347536994818,1791.194886609556,1789.5034163073321,1501.25,-0.12477788074738783
806.0,1501.06,588.08970041737,1792.783781572739,1791.091562288444,1501.47,0.09520945409485648
807.0,1501.25,588.144647135258,1794.3723796546544,1792.6794115282344,1501.25,-0.12480352585362198
808.0,1501.47,588.199593853146,1795.960680938504,1794.266964109865,1501.25,-0.12481663060566461
809.0,1500.32,588.254540571034,1797.548685507457,1795.8542201164664,1501.47,0.09517035982571542
810.0,1501.54,588.309487288922,1799.1363934446504,1797.4411796311356,1501.47,0.0951562954273868
811.0,1501.52,588.36443400681,1800.723804833192,1799.0278427369421,1501.52,0.14514239618529245
812.0,1501.09,588.419380724698,1802.310919756156,1800.6142095169205,1501.52,0.1451286420856377
813.0,1501.64,588.4743274425861,1803.8977382965875,1802.200280054077,1501.28,-0.09488539688527453
814.0,1501.14,588.5292741604742,1805.4842605375022,1803.7860544313878,1501.14,-0.234899170741528
815.0,1501.28,588.5842208783622,1807.0704865618736,1805.3715327317875,1501.28,-0.09491317949732547
816.0,1500.94,588.6391675962502,1808.656416452661,1806.9567150381963,1501.14,-0.23492728316591638
817.0,1501.53,588.6941143141382,1810.242050292784,1808.5416014334946,1501.28,-0.09494182176217691
818.0,1500.71,588.7490610320262,1811.8273881651273,1810.1261920005284,1501.43,0.05504379469994092
819.0,1501.48,588.8040077499143,1813.4124301525528,1811.71048682212,1501.43,0.05502874620583498
820.0,1501.43,588.8589544678023,1814.9971763378887,1813.294485981059,1501.43,0.05501380274040457
821.0,1501.15,588.9139011856903,1816.5816268039316,1814.8781895601028,1501.43,0.05499891428871706
822.0,1501.74,588.9688479035784,1818.1657816334468,1816.4615976419775,1501.43,0.05498380083599841
823.0,1501.18,589.0237946214664,1819.749640909168,1818.044710309378,1501.18,-0.19503094763308582
824.0,1501.44,589.0787413393545,1821.3332047137958,1819.627527644966,1501.24,-0.1350458911331316
825.0,1501.09,589.1336880572425,1822.9164731300095,1821.2100497313818,1501.24,-0.13506076967905756
826.0,1501.24,589.1886347751305,1824.4994462404488,1822.7922766512258,1501.24,-0.13507593328586154
827.0,1501.37,589.2435814930185,1826.082124127726,1824.3742084870719,1501.24,-0.1350912319685449
828.0,1500.87,589.2985282109065,1827.66450687442,1825.9558453214597,1501.37,-0.005106535742697815
829.0,1501.46,589.3534749287946,1829.2465945630847,1827.5371872369042,1501.37,-0.005122344623259778
830.0,1501.88,589.4084216466827,1830.8283872762315,1829.118234315878,1501.39,0.014861931374070991
831.0,1501.12,589.4633683645707,1832.4098850963535,1830.6989866408353,1501.39,0.014846712233065773
832.0,1501.39,589.5183150824587,1833.9910881059086,1832.2794442941952,1501.12,-0.25516876206120287
833.0,1500.64,589.5732618003467,1835.5719963873241,1833.859607358346,1501.12,-0.2551842215241322
834.0,1501.08,589.6282085182347,1837.152610022993,1835.4394759156419,1501.08,-0.29520041617115567
835.0,1501.2,589.6831552361227,1838.732929095282,1837.019050048411,1501.08,-0.29521690601882256
836.0,1500.98,589.7381019540107,1840.3129536865279,1838.5983298389508,1501.19,-0.1852335710832449
837.0,1501.29,589.7930486718988,1841.8926838790323,1840.1773153695246,1501.19,-0.18525063138145015
838.0,1501.19,589.8479953897869,1843.472119755071,1841.7560067223692,1501.19,-0.18526777693023178
839.0,1500.91,589.9029421076749,1845.0512613968829,1843.3344039796848,1501.19,-0.1852851077469495
840.0,1501.51,589.9578888255629,1846.6301088866805,1844.912507223645,1501.17,-0.20530290384863292
841.0,1501.17,590.0128355434509,1848.208662306647,1846.4903165363944,1501.13,-0.24532056525322332
842.0,1501.13,590.067782261339,1849.786921738932,1848.067832000044,1501.17,-0.20533843197836177
843.0,1500.69,590.122728979227,1851.3648872656574,1849.6450536966765,1501.13,-0.24535654404212437
844.0,1501.36,590.177675697115,1852.9425589689104,1851.221981708341,1501.13,-0.24537534146247708
845.0,1500.49,590.2326224150031,1854.5199369307563,1852.7986161170638,1501.11,-0.26539415425850166
846.0,1501.28,590.2875691328911,1856.097021233215,1854.374957004826,1501.12,-0.2554138524483278
847.0,1501.11,590.3425158507791,1857.673811958287,1855.9510044535898,1501.12,-0.2554336460520972
848.0,1501.12,590.3974625686672,1859.2503091879398,1857.5267585452839,1501.16,-0.21545370508920314
849.0,1501.16,590.4524092865552,1860.8265130041134,1859.1022193618096,1501.16,-0.21547401958014234
850.0,1501.34,590.5073560044432,1862.4024234887106,1860.677386985031,1501.34,-0.03549454954531939
851.0,1501.74,590.5623027223312,1863.978040723608,1862.2522614967866,1501.55,0.17448488499530868
852.0,1501.55,590.6172494402192,1865.5533647906523,1863.8268429788839,1501.55,0.17446468402067694
853.0,1501.69,590.6721961581072,1867.1283957716573,1865.4011315130986,1501.57,0.19444465751075768
854.0,1501.4,590.7271428759954,1868.7031337484127,1866.9751271811815,1501.55,0.17442494544570764
855.0,1501.57,590.7820895938834,1870.2775788026634,1868.5488300648392,1501.57,0.1944052578053288
856.0,1501.31,590.8370363117714,1871.8517310161385,1870.1222402457622,1501.4,0.024385764570297397
857.0,1501.78,590.8919830296594,1873.4255904705308,1871.6953578056048,1501.57,0.19436620572082575
858.0,1500.87,590.9469297475474,1874.999157247502,1873.2681828259902,1501.7,0.3243470512379645
859.0,1501.7,591.0018764654354,1876.572431428686,1874.840715388514,1501.7,0.32432739110208786
860.0,1501.85,591.0568231833234,1878.1454130956847,1876.412955574739,1501.13,-0.24569194470632283
861.0,1501.08,591.1117699012116,1879.718102330071,1877.9849034662004,1501.7,0.32428919379321997
862.0,1501.13,591.1667166190996,1881.2904992133854,1879.5565591444,1501.37,-0.0057299634181617876
863.0,1501.85,591.2216633369876,1882.8626038271361,1881.1279226908075,1501.23,-0.1457493663592686
864.0,1501.37,591.2766100548756,1884.4344162528078,1882.698994186869,1501.37,-0.005768295050074812
865.0,1501.23,591.3315567727636,1886.0059365718519,1884.269773713998,1501.41,0.03421277049096716
866.0,1501.41,591.3865034906516,1887.5771648656855,1885.840261353573,1501.37,-0.005806309755598704
867.0,1501.42,591.4414502085397,1889.1481012156996,1887.4104571869464,1501.41,0.0341746441918076
868.0,1501.22,591.4963969264277,1890.7187457032553,1888.980361295441,1501.41,0.0341556423138627
869.0,1501.79,591.5513436443157,1892.2890984096825,1890.5499737603488,1501.29,-0.0858635154086187
870.0,1501.29,591.6062903622038,1893.8591594162813,1892.1192946629312,1501.29,-0.0858822589943884
871.0,1501.23,591.6612370800918,1895.4289288043171,1893.6883240844154,1501.29,-0.08590108846260591
872.0,1501.77,591.7161837979799,1896.9984066550312,1895.2570621060042,1501.27,-0.1059200638319453
873.0,1501.27,591.7711305158679,1898.5675930496327,1896.8255088088688,1501.27,-0.10593864512134132
874.0,1500.89,591.8260772337559,1900.1364880693,1898.393664274149,1501.27,-0.10595733234936233
875.0,1501.72,591.8810239516439,1901.7050917951813,1899.9615285829548,1501.11,-0.2659765055348089
876.0,1501.03,591.9359706695319,1903.2734043083967,1901.5291018163682,1501.11,-0.2659953346965267
877.0,1501.11,591.99091738742,1904.8414256900335,1903.0963840554382,1501.72,0.3439854901466788
878.0,1501.74,592.045864105308,1906.409156021149,1904.663375381184,1501.28,-0.09603395102476497
879.0,1501.74,592.1008108231961,1907.9765953827723,1906.2300758745962,1501.65,0.2739469717698739
880.0,1501.28,592.1557575410841,1909.5437438558993,1907.796485616633,1501.65,0.27392825851143243
881.0,1501.65,592.2107042589721,1911.1106015215007,1909.3626046882264,1501.28,-0.09609055081887163
882.0,1501.09,592.2656509768601,1912.6771684605144,1910.9284331702765,1501.19,-0.1861090862396395
883.0,1501.0,592.3205976947481,1914.2434447538458,1912.4939711436505,1501.19,-0.1861279077695599
884.0,1501.19,592.3755444126361,1915.809430482376,1914.0592186891913,1501.19,-0.18614710542738067
885.0,1501.68,592.4304911305243,1917.375125726952,1915.624175887708,1501.19,-0.18616648923239154
886.0,1501.75,592.4854378484123,1918.9405305683904,1917.1888428199786,1501.38,0.0038144307961829327
887.0,1501.19,592.5403845663003,1920.5056450874772,1918.7532195667516,1501.38,0.003795724639303444
888.0,1501.38,592.5953312841883,1922.0704693649745,1920.3173062087508,1501.34,-0.03622316772202794
889.0,1501.0,592.6502780020763,1923.6350034816078,1921.8811028266634,1501.34,-0.03624205630649158
890.0,1501.34,592.7052247199643,1925.1992475180762,1923.4446095011508,1501.34,-0.03626132113299718
891.0,1501.6,592.7601714378524,1926.763201555049,1925.0078263128441,1501.34,-0.03628062222082917
892.0,1501.22,592.8151181557404,1928.3268656731623,1926.5707533423417,1501.44,0.06370030041080099
893.0,1501.44,592.8700648736285,1929.8902399530268,1928.133390670216,1501.44,0.06368106674267437
894.0,1501.44,592.9250115915165,1931.453324475218,1929.6957383770045,1501.44,0.06366189675554779
895.0,1501.54,592.9799583094045,1933.0161193202837,1931.257796543217,1501.44,0.06364279043009446
896.0,1501.38,593.0349050272926,1934.5786245687475,1932.8195652493391,1501.44,0.06362384774729435
897.0,1500.82,593.0898517451806,1936.1408403010942,1934.3810445758181,1501.38,0.0036049086884304415
898.0,1501.65,593.1447984630686,1937.7027665977844,1935.9422346030763,1501.28,-0.09641458676560433
899.0,1501.28,593.1997451809566,1939.2644035392464,1937.503135411504,1501.22,-0.1564338086341195
900.0,1501.14,593.2546918988446,1940.8257512058804,1939.0637470814638,1501.28,-0.09645312693646702
901.0,1501.22,593.3096386167327,1942.3868096780602,1940.6240696932916,1501.28,-0.09647268169169365
902.0,1501.47,593.3645853346208,1943.9475790361191,1942.1841033272826,1501.22,-0.15649239291951744
903.0,1501.37,593.4195320525088,1945.508059360368,1943.74384806371,1501.37,-0.006512010640108201
904.0,1501.19,593.4744787703968,1947.06825073109,1945.303303982819,1501.37,-0.006531634872771974
905.0,1501.97,593.5294254882848,1948.6281532285336,1946.8624711648201,1501.37,-0.006551445636887365
906.0,1500.97,593.5843722061728,1950.1877669329228,1948.4213496899,1501.19,-0.1865706629523629
907.0,1501.4,593.6393189240608,1951.747091924448,1949.9799396382105,1501.06,-0.3165902868388457
908.0,1500.87,593.6942656419488,1953.3061282832678,1951.5382410898733,1500.97,-0.4066098873156534
909.0,1501.06,593.749212359837,1954.8648760895205,1953.0962541249883,1501.06,-0.3166299944025468
910.0,1500.92,593.804159077725,1956.4233354233004,1954.6539788236123,1501.06,-0.3166504181194796
911.0,1501.24,593.859105795613,1957.9815063646843,1956.2114152657841,1501.06,-0.3166712984868809
912.0,1501.16,593.914052513501,1959.5393889937145,1957.7685635315088,1501.16,-0.21669231552550627
913.0,1500.96,593.968999231389,1961.0969833904032,1959.3254237007604,1501.24,-0.1367135492566831
914.0,1501.78,594.023945949277,1962.6542896347362,1960.881995853487,1501.3,-0.07673519970126108
915.0,1501.43,594.0788926671651,1964.211307806669,1962.438280069607,1501.3,-0.07675644688106331
916.0,1501.3,594.1338393850531,1965.7680379861226,1963.9942764290029,1501.3,-0.07677764081722671
917.0,1500.96,594.1887861029412,1967.3244802529962,1965.5499850115366,1501.3,-0.07679891153088647
918.0,1500.52,594.2437328208292,1968.8806346871497,1967.1054058970306,1501.3,-0.07682059904345806
919.0,1501.48,594.2986795387172,1970.436501368422,1968.6605391652856,1501.45,0.0731568566234273
920.0,1501.54,594.3536262566053,1971.9920803766186,1970.2153848960702,1501.45,0.07313441544692978
921.0,1501.45,594.4085729744933,1973.54737179152,1971.7699431691267,1501.45,0.0731121374049053
922.0,1501.31,594.4635196923813,1975.1023756928687,1973.3242140641603,1501.45,0.07308993247511353
923.0,1501.33,594.5184664102693,1976.657092160384,1974.8781976608527,1501.33,-0.04693233936495744
924.0,1501.54,594.5734131281573,1978.2115212737574,1976.4318940388575,1501.31,-0.06695465813709234
925.0,1501.31,594.6283598460454,1979.765663112647,1977.9853032777958,1501.31,-0.06697681386390286
926.0,1501.0,594.6833065639335,1981.3195177566788,1979.538425457256,1501.31,-0.06699903656749484
927.0,1501.13,594.7382532818215,1982.8730852854549,1981.091260656802,1501.31,-0.06702163627005575
928.0,1501.41,594.7931999997095,1984.426365778545,1982.6438089559667,1501.13,-0.2470444829941698
929.0,1501.45,594.8481467175975,1985.979359315493,1984.1960704342562,1501.41,0.03293270323706565
930.0,1500.64,594.9030934354855,1987.5320659758092,1985.7480451711435,1501.45,0.0729099624011269
931.0,1502.45,594.9580401533735,1989.0844858389771,1987.2997332460743,1501.45,0.07288648447502055
932.0,1501.88,595.0129868712615,1990.636618984449,1988.8511347384638,1501.25,-0.12713592056479683
933.0,1501.13,595.0679335891497,1992.1884654916512,1990.4022497277008,1501.73,0.35284217725961753
934.0,1501.25,595.1228803070377,1993.7400254399756,1991.9530782931397,1501.25,-0.12717997207391818
935.0,1501.73,595.1778270249257,1995.2912989087838,1993.5036205141046,1501.25,-0.12720224858730944
936.0,1500.81,595.2327737428137,1996.8422859774196,1995.053876469902,1501.26,-0.1172241723031675
937.0,1501.26,595.2877204607017,1998.392986725184,1996.6038462397958,1501.38,0.00275333675699585
938.0,1501.38,595.3426671785897,1999.943401231356,1998.1535299030268,1501.38,0.002730728570440988
939.0,1501.92,595.3976138964778,2001.4935295751818,1999.7029275388047,1501.38,0.0027081231146439677
940.0,1501.98,595.4525606143659,2003.0433718358888,2001.2520392263193,1501.38,0.0026860603670684213
941.0,1501.17,595.5075073322539,2004.592928092654,2002.80086504471,1501.75,0.3726646003053702
942.0,1501.12,595.5624540501419,2006.1421984246454,2004.3494050731078,1501.17,-0.20735706709160695
943.0,1501.75,595.6174007680299,2007.6911829109931,2005.8976593906057,1501.17,-0.20737899184564412
944.0,1500.68,595.672347485918,2009.2398816307957,2007.4456280762643,1501.12,-0.257400543978747
945.0,1501.39,595.727294203806,2010.7882946631305,2008.9933112091242,1501.21,-0.16742279351228717
946.0,1501.05,595.782240921694,2012.3364220870385,2010.5407088681889,1501.21,-0.167445030468798
947.0,1501.21,595.837187639582,2013.884263981536,2012.0878211324375,1501.27,-0.1074675948705135
948.0,1501.31,595.89213435747,2015.4318204256072,2013.634648080817,1501.27,-0.1074903267397076
949.0,1501.27,595.9470810753581,2016.97909149821,2015.1811897922482,1501.27,-0.10751312609932029
950.0,1501.48,596.0020277932462,2018.5260772782658,2016.7274463456151,1501.31,-0.06753603297192967
951.0,1501.12,596.0569745111342,2020.0727778446787,2018.2734178197848,1501.45,0.07244116261927047
952.0,1501.53,596.1119212290222,2021.6191932763134,2019.8191042935846,1501.48,0.10241810065167556
953.0,1501.45,596.1668679469102,2023.165323652011,2021.3645058458185,1501.45,0.07239519110225956
954.0,1501.89,596.2218146647982,2024.711169050584,2022.9096225552619,1501.45,0.07237235394791242
955.0,1500.64,596.2767613826862,2026.2567295508131,2024.4544545006584,1501.23,-0.14764997083420894
956.0,1501.23,596.3317081005744,2027.8020052314523,2025.999001760725,1501.07,-0.30767303326638284
957.0,1501.07,596.3866548184624,2029.3469961712215,2027.543264414144,1501.07,-0.307696243371538
958.0,1500.91,596.4416015363504,2030.8917024488183,2029.0872425395762,1501.23,-0.14771976117276608
959.0,1501.57,596.4965482542384,2032.436124142906,2030.630936215648,1501.07,-0.30774374669408644
960.0,1501.42,596.5514949721264,2033.9802613321217,2032.1743455209594,1501.24,-0.13776753995898616
961.0,1500.83,596.6064416900144,2035.5241140950745,2033.7174705340822,1501.37,-0.007791290991463029
962.0,1501.24,596.6613884079025,2037.067682510343,2035.260311333558,1501.37,-0.007815589815209023
963.0,1501.37,596.7163351257905,2038.6109666564755,2036.8028679978984,1501.37,-0.007840026454459803
964.0,1501.67,596.7712818436785,2040.1539666119943,2038.345140605588,1501.37,-0.007864470933782286
965.0,1501.62,596.8262285615666,2041.6966824553933,2039.8871292350846,1501.62,0.24211137672250516
966.0,1501.19,596.8811752794546,2043.23911426513,2041.428833964808,1501.62,0.24208746649014756
967.0,1501.73,596.9361219973426,2044.7812621196417,2042.9702548731589,1501.6,0.22206336834506146
968.0,1501.25,596.9910687152307,2046.3231260973319,2044.5113920385036,1501.41,0.03203962226348267
969.0,1501.6,597.0460154331187,2047.8647062765792,2046.052245539184,1501.41,0.032015748221510876
970.0,1501.41,597.1009621510067,2049.4060027357305,2047.5928154535097,1501.25,-0.128007903804928
971.0,1501.23,597.1559088688947,2050.9470155531044,2049.133101859763,1501.41,0.031968476160955106
972.0,1501.25,597.2108555867828,2052.487744806995,2050.6731048362008,1501.25,-0.1280552919049569
973.0,1501.56,597.2658023046708,2054.028190575654,2052.2128244610376,1501.23,-0.14807918802603126
974.0,1501.04,597.3207490225589,2055.5683529373196,2053.7522608124746,1501.25,-0.12810290222637377
975.0,1500.83,597.3756957404469,2057.1082319701923,2055.2914139686764,1501.04,-0.33812695452957087
976.0,1501.76,597.4306424583349,2058.6478277524507,2056.8302840077836,1501.04,-0.3381515549594951
977.0,1500.83,597.4855891762229,2060.187140362239,2058.3688710079045,1501.53,0.1518242264589844
978.0,1501.53,597.5405358941109,2061.7261698776742,2059.9071750471185,1501.54,0.16179945970179688
979.0,1501.67,597.5954826119989,2063.264916376845,2061.445196203478,1501.53,0.1517748447440681
980.0,1501.54,597.650429329887,2064.8033799378095,2062.9829345550042,1501.53,0.15175052156109814
981.0,1500.65,597.7053760477751,2066.3415606386043,2064.520390179697,1501.49,0.11172636012861403
982.0,1501.31,597.7603227656631,2067.8794585572246,2066.057563155515,1501.49,0.1117014704225312
983.0,1501.49,597.8152694835511,2069.4170737716486,2067.594453560399,1501.31,-0.0683234875823473
984.0,1501.78,597.8702162014391,2070.9544063598173,2069.1310614722534,1501.31,-0.06834833391053508
985.0,1501.11,597.9251629193271,2072.49145639965,2070.667386968961,1501.37,-0.008372778587272478
986.0,1501.11,597.9801096372152,2074.028223969036,2072.2034301283747,1501.11,-0.2683974916367333
987.0,1501.37,598.0350563551032,2075.564709145832,2073.739191028314,1501.11,-0.2684224730837741
988.0,1500.5,598.0900030729913,2077.1009120078697,2075.2746697465745,1501.18,-0.19844746295302684
989.0,1501.18,598.1449497908793,2078.6368326329507,2076.8098663609203,1501.18,-0.19847333126972444
990.0,1502.12,598.1998965087673,2080.172471098844,2078.3447809490845,1501.18,-0.19849939805976646
991.0,1500.6,598.2548432266553,2081.7078274833007,2079.8794135887806,1501.18,-0.19852472334923732
992.0,1501.67,598.3097899445434,2083.242901864035,2081.4137643576873,1501.38,0.0014491728368284384
993.0,1501.17,598.3647366624314,2084.7776943187337,2082.947833333454,1501.38,0.0014233604720175208
994.0,1501.38,598.4196833803194,2086.3122049250546,2084.4816205937022,1501.39,0.011397339530503814
995.0,1502.33,598.4746300982074,2087.8464337606297,2086.0151262160275,1501.39,0.011371319986437811
996.0,1501.39,598.5295768160955,2089.380380903066,2087.548350278,1501.42,0.04134625181359297
997.0,1501.66,598.5845235339835,2090.9140464299294,2089.0812928571486,1501.42,0.041321194986949195
998.0,1501.42,598.6394702518716,2092.4474304187665,2090.613954030984,1501.42,0.041296419481795965
999.0,1501.14,598.6944169697596,2093.9805329470955,2092.146333876988,1501.42,0.04127168527293179
1000.0,1501.49,598.7493636876476,2095.513354092406,2093.6784324726136,1501.42,0.041246712335578195
1001.0,1501.35,598.8043104055356,2097.0458939321543,2095.21024989528,1501.35,-0.0287781493550483
1002.0,1502.19,598.8592571234236,2098.5781525437737,2096.7417862223842,1501.35,-0.028803039823742438
1003.0,1501.35,598.9142038413116,2100.1101300046676,2098.2730415312935,1501.35,-0.028827119095467424
1004.0,1501.33,598.9691505591998,2101.6418263922133,2099.8040158993485,1501.35,-0.028851227194309104
1005.0,1502.09,599.0240972770878,2103.173241783751,2101.334709403853,1501.33,-0.04887538414436676
1006.0,1500.96,599.0790439949758,2104.704376256598,2102.865122122088,1501.33,-0.048898829969857616
1007.0,1500.99,599.1339907128638,2106.2352298880487,2104.3952541313106,1501.73,0.35107730530603476
1008.0,1502.05,599.1889374307518,2107.7658027553616,2105.925105508744,1501.73,0.35105305165916434
1009.0,1501.73,599.2438841486398,2109.296094935768,2107.4546763315825,1501.73,0.35102946906545185
1010.0,1501.95,599.2988308665279,2110.826106506477,2108.983966676999,1501.73,0.35100623750122395
1011.0,1501.49,599.3537775844159,2112.355837544659,2110.5129766221276,1501.69,0.31098357694327206
1012.0,1501.24,599.408724302304,2113.8852881274693,2112.041706244087,1501.49,0.1109610273688304
1013.0,1501.69,599.463671020192,2115.414458332017,2113.57015561995,1501.44,0.06093833875524979
1014.0,1500.51,599.51861773808,2116.943348235399,2115.098324826777,1501.24,-0.13908403891991838
1015.0,1501.44,599.573564455968,2118.471957914679,2116.6262139415962,1501.44,0.060892714320743835
1016.0,1500.75,599.628511173856,2120.0002874468887,2118.153823041402,1501.01,-0.36913047154598644
1017.0,1501.47,599.6834578917441,2121.528336909038,2119.6811522031685,1501.44,0.06084571345695622
1018.0,1501.01,599.7384046096321,2123.056106378104,2121.208201503836,1501.16,-0.2191780106945771
1019.0,1501.81,599.7933513275201,2124.5835959310334,2122.7349710203157,1501.4,0.02079789597587478
1020.0,1501.16,599.8482980454082,2126.110805644756,2124.2614608295007,1501.16,-0.21922576655583725
1021.0,1501.4,599.9032447632962,2127.637735596156,2125.7876710082387,1501.4,0.020750351686729118
1022.0,1500.97,599.9581914811843,2129.1643858621037,2127.3136016333647,1501.4,0.02072649067963539
1023.0,1501.67,600.0131381990723,2130.6907565194347,2128.839252781677,1501.4,0.02070222039901637
1024.0,1501.5,600.0680849169603,2132.216847644962,2130.364624529953,1501.19,-0.18932175917939276
1025.0,1501.19,600.1230316348483,2133.74265931546,2131.8897169549305,1501.5,0.12065438192030342
1026.0,1501.18,600.1779783527363,2135.2681916076885,2133.4145301333333,1501.5,0.12063033367439857
1027.0,1501.72,600.2329250706243,2136.793444598368,2134.939064141846,1501.55,0.17060608605902416
1028.0,1501.55,600.2878717885125,2138.3184183641984,2136.463319057132,1501.55,0.17058217904968842
1029.0,1501.67,600.3428185064005,2139.8431129818446,2137.9872949558207,1501.55,0.17055844262245046
1030.0,1501.48,600.3977652242885,2141.3675285279505,2139.5109919145193,1501.55,0.1705349967537586
1031.0,1501.41,600.4527119421765,2142.891665079124,2141.034410009799,1501.48,0.10051165141999263
1032.0,1501.69,600.5076586600645,2144.4155227119545,2142.5575493182146,1501.41,0.030488336597954913
1033.0,1501.16,600.5626053779525,2145.9391015029964,2144.080409916283,1501.23,-0.14953466773567925
1034.0,1500.98,600.6175520958406,2147.4624015287786,2145.602991880498,1501.23,-0.14955789160399036
1035.0,1501.23,600.6724988137286,2148.9854228658005,2147.1252952873224,1501.23,-0.1495815150301496
1036.0,1501.68,600.7274455316167,2150.508165590539,2148.647320213197,1501.32,-0.059605288037801074
1037.0,1501.71,600.7823922495047,2152.0306297794314,2150.1690667345233,1501.59,0.21037123934934243
1038.0,1501.32,600.8373389673927,2153.5528155088978,2151.6905349276853,1501.59,0.21034809710772606
1039.0,1501.59,600.8922856852807,2155.0747228553273,2153.2117248690365,1501.59,0.2103248952141712
1040.0,1501.59,600.9472324031688,2156.59635189508,2154.7326366349002,1501.59,0.2103019036455862
1041.0,1501.92,601.0021791210568,2158.117702704488,2156.253270301573,1501.59,0.21027912237923374
1042.0,1501.52,601.0571258389448,2159.6387753598574,2157.7736259453254,1501.52,0.14025688139213344
1043.0,1501.05,601.1120725568328,2161.1595699374643,2159.293703642397,1501.28,-0.09976521933822369
1044.0,1501.28,601.1670192747209,2162.6800865135606,2160.8135034690035,1501.28,-0.0997876498338428
1045.0,1500.77,601.221965992609,2164.2003251643587,2162.333025501322,1501.25,-0.12981018011714696
1046.0,1501.68,601.276912710497,2165.7202859660615,2163.8522698155193,1501.25,-0.12983332021053684
1047.0,1501.25,601.331859428385,2167.2399689948293,2165.3712364877197,1501.25,-0.1298561601372512
1048.0,1501.22,601.386806146273,2168.7593743267994,2166.8899255940246,1501.43,0.050120870080036184
1049.0,1501.55,601.441752864161,2170.2785020380848,2168.4083372105115,1501.36,-0.019902259582067927
1050.0,1501.43,601.496699582049,2171.797352204766,2169.926471413224,1501.37,-0.009925219146452946
1051.0,1501.36,601.551646299937,2173.3159249028954,2171.44432827818,1501.43,0.05005187136407585
1052.0,1501.37,601.6065930178252,2174.834220208504,2172.961907881374,1501.37,-0.009971058073915628
1053.0,1501.84,601.6615397357132,2176.352238197584,2174.479210298762,1501.37,-0.009993997482752093
1054.0,1500.88,601.7164864536012,2177.869978946111,2175.9962356062847,1501.37,-0.010016476885766679
1055.0,1501.58,601.7714331714892,2179.3874425300255,2177.5129838798457,1501.58,0.19996054369471494
1056.0,1501.06,601.8263798893772,2180.9046290252445,2179.029455195327,1501.58,0.19993776423575582
1057.0,1501.67,601.8813266072652,2182.4215385076545,2180.545649628579,1501.66,0.27991466471462445
1058.0,1501.85,601.9362733251533,2183.9381710531147,2182.061567255426,1501.66,0.2798918551081897
1059.0,1501.66,601.9912200430413,2185.4545267374606,2183.577208151666,1501.66,0.27986951539355687
1060.0,1501.54,602.0461667609294,2186.970605636497,2185.09257239307,1501.54,0.15984745554828805
1061.0,1501.3,602.1011134788174,2188.4864078259952,2186.607660055372,1501.54,0.1598255555504693
1062.0,1501.49,602.1560601967054,2190.0019333817077,2188.1224712142894,1501.54,0.15980357537819145
1063.0,1501.58,602.2110069145934,2191.517182379356,2189.6370059455085,1501.49,0.10978170500948181
1064.0,1501.8,602.2659536324815,2193.032154894634,2191.151264324687,1501.49,0.10976003442237925
1065.0,1500.9,602.3209003503695,2194.5468510032088,2192.665246427456,1501.49,0.10973878359550326
1066.0,1501.49,602.3758470682575,2196.061270780716,2194.1789523294165,1501.09,-0.29028294749264205
1067.0,1501.09,602.4307937861456,2197.575414302775,2195.692382106151,1501.09,-0.29030456886380307
1068.0,1500.79,602.4857405040336,2199.0892816449577,2197.205535833197,1501.2,-0.18032648053940648
1069.0,1501.63,602.5406872219216,2200.602872882828,2198.7184135860816,1501.2,-0.1803489825415454
1070.0,1501.2,602.5956339398097,2202.1161880919108,2200.2310154402953,1501.2,-0.1803712348926183
1071.0,1501.82,602.6505806576977,2203.6292273477075,2201.7433414713028,1501.41,0.02960633238490118
1072.0,1501.05,602.7055273755857,2205.141990725692,2203.255391754543,1501.41,0.029584339268694748
1073.0,1501.41,602.7604740934737,2206.6544783013114,2204.7671663654273,1501.49,0.10956201573662838
1074.0,1501.49,602.8154208113617,2208.166690149981,2206.278665379336,1501.41,0.02953972176692332
1075.0,1501.73,602.8703675292497,2209.678626347094,2207.7898888716254,1501.41,0.029517537336914756
1076.0,1501.4,602.9253142471379,2211.1902869680175,2209.3008369176287,1501.4,0.019495702424364936
1077.0,1501.11,602.9802609650259,2212.7016720880774,2210.811509592635,1501.35,-0.030526112992674825
1078.0,1501.29,603.0352076829139,2214.2127817825894,2212.3219069719253,1501.31,-0.07054819893551212
1079.0,1501.35,603.0901544008019,2215.723616126831,2213.8320291307414,1501.29,-0.09057037542675062
1080.0,1501.31,603.1451011186899,2217.2341751960575,2215.3418761443027,1501.31,-0.07059258248841616
1081.0,1501.07,603.2000478365779,2218.7444590654945,2216.8514480878,1501.35,-0.030614860142577527
1082.0,1501.57,603.254994554466,2220.254467810343,2218.3607450363984,1501.5,0.11936255158866516
1083.0,1501.5,603.3099412723541,2221.7642015057745,2219.8697670652336,1501.5,0.11934015268229814
1084.0,1501.75,603.3648879902421,2223.2736602269265,2221.378514249409,1501.5,0.11931787311596054
1085.0,1501.14,603.4198347081301,2224.7828440489193,2222.8869866640084,1501.5,0.11929596286768174
1086.0,1501.22,603.4747814260181,2226.291753046844,2224.3951843840878,1501.64,0.2592738119153637
1087.0,1501.95,603.5297281439061,2227.800387295759,2225.90310748467,1501.64,0.25925150023658716
1088.0,1501.64,603.5846748617942,2229.3087468707004,2227.410756040756,1501.64,0.2592297578094076
1089.0,1501.87,603.6396215796822,2230.8168318466765,2228.918130127319,1501.64,0.2592082746118649
1090.0,1501.56,603.6945682975702,2232.3246422986663,2230.425229819302,1501.56,0.17918728062227274
1091.0,1501.26,603.7495150154582,2233.8321783016227,2231.932055191623,1501.44,0.05916646582022622
1092.0,1501.21,603.8044617333463,2235.339439930473,2233.438606319174,1501.44,0.05914553018442348
1093.0,1501.44,603.8594084512343,2236.8464272601113,2234.9448832768135,1501.44,0.05912442369412929
1094.0,1501.58,603.9143551691224,2238.3531403654083,2236.4508861393774,1501.5,0.11910337632843948
1095.0,1501.5,603.9693018870104,2239.859579321209,2237.9566149816746,1501.5,0.11908252806597375
1096.0,1501.87,604.0242486048984,2241.3657442023296,2239.462069878487,1501.58,0.1990617988858503
1097.0,1500.94,604.0791953227864,2242.8716350835584,2240.9672509045668,1501.55,0.16904155876773075
1098.0,1501.77,604.1341420406744,2244.3772520396597,2242.4721581346435,1501.58,0.19902087769105492
1099.0,1501.55,604.1890887585625,2245.88259514537,2243.9767916434184,1501.58,0.19900058563530365
1100.0,1501.58,604.2440354764506,2247.387664475388,2245.4811515055553,1501.77,0.3889804625803208
1101.0,1502.23,604.2989821943386,2248.8924601044014,2246.985237795706,1502.23,0.8489605385057075
1102.0,1502.63,604.3539289122266,2250.3969821070605,2248.4890505884855,1502.23,0.8489414633916113
1103.0,1502.27,604.4088756301146,2251.9012305579918,2249.992589958486,1502.23,0.8489236372188316
1104.0,1501.78,604.4638223480026,2253.4052055317943,2251.4958559802703,1502.22,0.8389066999698116
1105.0,1502.22,604.5187690658906,2254.90890710304,2252.9988487283763,1501.78,0.3988901616273779
1106.0,1501.57,604.5737157837787,2256.4123353462737,2254.5015682773133,1501.57,0.1888744621751357
1107.0,1500.87,604.6286625016667,2257.9154903360127,2256.004014701563,1501.54,0.15885895159749452
1108.0,1501.42,604.6836092195548,2259.418372146751,2257.5061880755848,1501.54,0.15884292987880144
1109.0,1501.54,604.7385559374428,2260.9209808529445,2259.008088473799,1501.42,0.038826947003144596
1110.0,1501.85,604.7935026553308,2262.4233165290325,2260.5097159706106,1501.54,0.15881112295414823
1111.0,1501.2,604.8484493732188,2263.925379249426,2262.011070640395,1501.82,0.43879576771632856
1112.0,1501.82,604.9033960911069,2265.4271690885057,2263.5121525574973,1501.82,0.43878023127444976
1113.0,1501.92,604.9583428089949,2266.9286861206283,2265.0129617962402,1501.44,0.058765133612951104
1114.0,1501.44,605.0132895268829,2268.42993042012,2266.5134984309143,1501.81,0.42875057471633227
1115.0,1501.42,605.068236244771,2269.9309020612877,2268.013762535792,1501.81,0.4287360745704518
1116.0,1501.81,605.123182962659,2271.4316011183955,2269.5137541851013,1501.44,0.05872161316074198
1117.0,1501.91,605.178129680547,2272.9320276656977,2271.0134734530625,1501.42,0.03870758047241907
1118.0,1501.0,605.2330763984351,2274.4321817774144,2272.5129204138607,1501.67,0.28869407649199275
1119.0,1501.39,605.2880231163231,2275.9320635277354,2274.01209514165,1501.39,0.008680191205712617
1120.0,1501.67,605.3429698342111,2277.4316729908287,2275.510997710564,1501.39,0.008666314599622638
1121.0,1501.36,605.3979165520991,2278.931010240835,2277.0096281947085,1501.49,0.1086527266597841
1122.0,1501.49,605.4528632699871,2280.430075351867,2278.507986668161,1501.49,0.10863911737260423
1123.0,1501.94,605.5078099878752,2281.928868398011,2280.006073204973,1501.38,-0.0013743832753334573
1124.0,1501.38,605.5627567057633,2283.4273894533208,2281.503887879163,1501.38,-0.0013873252978555684
1125.0,1501.2,605.6177034236513,2284.9256385918316,2283.0014307647316,1501.37,-0.011400268707802752
1126.0,1501.37,605.6726501415393,2286.4236158875506,2284.4987019356513,1501.37,-0.011413393517614168
1127.0,1500.91,605.7275968594273,2287.9213214144515,2285.9957014658607,1501.37,-0.01142652974090197
1128.0,1501.7,605.7825435773153,2289.4187552464873,2287.492429429278,1501.55,0.16855986260952704
1129.0,1501.57,605.8374902952033,2290.9159174575857,2288.9888858997965,1501.57,0.18854657351948845
1130.0,1501.55,605.8924370130914,2292.412808121639,2290.485070951273,1501.7,0.3185334729762417
1131.0,1501.9,605.9473837309795,2293.9094273125256,2291.9809846575513,1501.57,0.18852054096601023
1132.0,1502.04,606.0023304488675,2295.4057751040805,2293.4766270924315,1501.57,0.18850812747655254
1133.0,1500.82,606.0572771667555,2296.901851570126,2294.9719983297014,1501.57,0.18849637249513762
1134.0,1501.57,606.1122238846435,2298.3976567844525,2296.4670984431164,1501.49,0.10848405601018385
1135.0,1501.49,606.1671706025315,2299.8931908208206,2297.9619275064024,1501.23,-0.15152807199069684
1136.0,1501.11,606.2221173204196,2301.388453752973,2299.456485593267,1501.23,-0.15154009151956416
1137.0,1501.23,606.2770640383076,2302.8834456546138,2300.9507727773803,1501.23,-0.15155238258853387
1138.0,1501.16,606.3320107561956,2304.3781665994325,2302.444789132396,1501.23,-0.15156482520978898
1139.0,1502.06,606.3869574740837,2305.8726166610845,2303.938534731936,1501.28,-0.10157748939604971
1140.0,1501.36,606.4419041919717,2307.3667959131944,2305.4320096495894,1501.36,-0.02158947515977161
1141.0,1501.28,606.4968509098597,2308.860704429371,2306.9252139589303,1501.45,0.06839851748713954
1142.0,1501.83,606.5517976277478,2310.35434228319,2308.4181477335005,1501.45,0.06838640853266043
1143.0,1501.45,606.6067443456358,2311.8477095482035,2309.9108110468164,1501.45,0.06837474796452625
1144.0,1501.58,606.6616910635238,2313.3408062979292,2311.4032039723616,1501.45,0.06836315577106689
1145.0,1500.97,606.7166377814118,2314.8336326058698,2312.895326583604,1501.45,0.06835176194090309
1146.0,1501.4,606.7715844992998,2316.326188545495,2314.3871789539785,1501.4,0.018339956462568807
1147.0,1501.76,606.826531217188,2317.8184741902483,2315.8787611568946,1501.32,-0.0616718306760049
1148.0,1500.93,606.881477935076,2319.310489613542,2317.370073265729,1501.4,0.018316760513698682
1149.0,1501.32,606.936424652964,2320.802234888771,2318.861115353843,1501.7,0.3183049000201663
1150.0,1501.85,606.991371370852,2322.2937100892977,2320.351887494564,1501.32,-0.061707022168548065
1151.0,1501.7,607.04631808874,2323.7849152884614,2321.842389761197,1501.32,-0.06171847606424308
1152.0,1500.78,607.101264806628,2325.27585055957,2323.3326222270143,1501.65,0.26827038832175276
1153.0,1500.87,607.156211524516,2326.766515975908,2324.822584965267,1501.65,0.2682586509779412
1154.0,1501.65,607.211158242404,2328.2569116107356,2326.312278049181,1501.51,0.12824640189251113
1155.0,1501.78,607.2661049602922,2329.7470375372864,2327.801701551954,1501.51,0.12823442105354843
1156.0,1501.51,607.3210516781802,2331.2368938287586,2329.2908555467507,1501.51,0.12822283844911908
1157.0,1501.43,607.3759983960682,2332.7264805583327,2330.779740106717,1501.51,0.12821138406752652
1158.0,1501.34,607.4309451139562,2334.2157977991606,2332.26835530497,1501.43,0.04819997789741137
1159.0,1501.86,607.4858918318442,2335.7048456243683,2333.7567012146014,1501.34,-0.04181147007307118
1160.0,1501.03,607.5408385497323,2337.1936241070525,2335.2447779086738,1501.34,-0.04182243985496825
1161.0,1501.22,607.5957852676203,2338.6821333202906,2336.7325854602295,1501.32,-0.061833761459183734
1162.0,1501.71,607.6507319855083,2340.170373337123,2338.2201239422748,1501.22,-0.16184524489722207
1163.0,1501.32,607.7056787033964,2341.658344230575,2339.7073934278005,1501.32,-0.061856400180658966
1164.0,1501.12,607.7606254212844,2343.146046073631,2341.1943939897574,1501.51,0.12813238267972338
1165.0,1501.51,607.8155721391724,2344.6334789392663,2342.6811257010845,1501.32,-0.06187909632762967
1166.0,1501.98,607.8705188570605,2346.1206429004155,2344.167588634684,1501.51,0.1281095527860998
1167.0,1500.98,607.9254655749485,2347.607538029995,2345.6537828634364,1501.62,0.2380988000090838
1168.0,1501.69,607.9804122928365,2349.094164400894,2347.139708460198,1501.62,0.23808764533100657
1169.0,1501.62,608.0353590107245,2350.5805220859706,2348.625365497792,1501.62,0.23807679874039422
1170.0,1501.06,608.0903057286125,2352.0666111580617,2350.1107540490198,1501.62,0.23806619022661835
1171.0,1501.93,608.1452524465006,2353.5524316899778,2351.595874186659,1501.62,0.23805525977900288
1172.0,1501.34,608.2001991643887,2355.037983754497,2353.080725983453,1501.72,0.33804487738689204
1173.0,1501.72,608.2551458822767,2356.523267424376,2354.5653095121243,1501.79,0.4080344530395905
1174.0,1501.79,608.3100926001647,2358.0082827723454,2356.0496248453687,1501.72,0.33802436672658587
1175.0,1501.9,608.3650393180527,2359.4930298711092,2357.5336720558566,1501.79,0.4080146884377882
1176.0,1501.1,608.4199860359407,2360.977508793344,2359.01745121623,1501.79,0.4080055281638124
1177.0,1502.03,608.4749327538287,2362.4617196116997,2360.500962399104,1501.31,-0.0720039141046982
1178.0,1501.06,608.5298794717169,2363.945662398807,2361.9842056770763,1501.31,-0.07201270837708762
1179.0,1501.31,608.5848261896049,2365.4293372272564,2363.467181122702,1501.71,0.32797817533787565
1180.0,1501.71,608.6397729074929,2366.9127441696205,2364.949888808521,1501.43,0.047968987030799326
1181.0,1501.74,608.6947196253809,2368.395883298451,2366.4323288070486,1501.43,0.047960126692714766
1182.0,1501.43,608.7496663432689,2369.878754686263,2367.914501190768,1501.43,0.0479516243146918
1183.0,1501.36,608.8046130611569,2371.361358405554,2369.3964060321405,1501.36,-0.022056830111978343
1184.0,1501.01,608.859559779045,2372.843694528788,2370.878043403598,1501.27,-0.11206530659524105
1185.0,1501.27,608.914506496933,2374.3257631284087,2372.359413377548,1501.1,-0.2820741551443007
1186.0,1501.07,608.969453214821,2375.807564276829,2373.8405160263706,1501.1,-0.2820831157673638
1187.0,1501.1,609.0243999327091,2377.2890980464435,2375.321351422426,1501.1,-0.28209238847352935
1188.0,1501.46,609.0793466505971,2378.7703645096058,2376.8019196380333,1501.07,-0.31210194327195495
1189.0,1500.42,609.1342933684851,2380.2513637386596,2378.282220745503,1501.1,-0.2821114201724413
1190.0,1500.9,609.1892400863732,2381.732095805913,2379.762254817108,1501.46,0.07787814081575561
1191.0,1501.79,609.2441868042612,2383.212560783652,2381.2420219251003,1501.26,-0.12213278031799746
1192.0,1501.49,609.2991335221492,2384.692758744134,2382.7215221417046,1501.28,-0.10214329358450414
1193.0,1501.26,609.3540802400372,2386.1726897595936,2384.2007555391197,1501.49,0.10784630100556569
1194.0,1501.28,609.4090269579253,2387.6523539022373,2385.6797221895195,1501.49,0.10783577344182049
1195.0,1502.08,609.4639736758133,2389.131751244242,2387.158422165046,1501.51,0.12782514371383513
1196.0,1501.51,609.5189203937014,2390.6108818577645,2388.636855537822,1501.62,0.2378152118108119
1197.0,1501.62,609.5738671115894,2392.0897458149307,2390.11502237994,1501.62,0.23780540772304448
1198.0,1501.72,609.6288138294774,2393.5683431878465,2391.5929227634715,1501.62,0.23779584144062937
1199.0,1501.17,609.6837605473654,2395.046674048586,2393.0705567604564,1501.62,0.2377866129540962
1200.0,1501.72,609.7387072652534,2396.5247384691997,2394.547924442912,1501.44,0.0577771722541911
1201.0,1501.44,609.7936539831414,2398.002536521714,2396.0250258828296,1501.22,-0.1622319306686677
1202.0,1501.02,609.8486007010295,2399.4800682781242,2397.501861152172,1501.22,-0.16224097582335162
1203.0,1501.22,609.9035474189176,2400.9573338104105,2398.9784303228844,1501.22,-0.1622503832190887
1204.0,1501.17,609.9584941368056,2402.434333190508,2400.454733466868,1501.22,-0.16225995286504258
1205.0,1501.23,610.0134408546936,2403.9110664903437,2401.9307706560166,1501.23,-0.15226973477092542
1206.0,1501.31,610.0683875725816,2405.387533781812,2403.40654196219,1501.23,-0.1522796689464485
1207.0,1501.8,610.1233342904696,2406.8637351367806,2404.8820474572226,1501.31,-0.07228967540163467
1208.0,1501.03,610.1782810083577,2408.339670627094,2406.3572872129243,1501.7,0.31770073585380487
1209.0,1501.7,610.2332277262457,2409.8153403245665,2407.8322613010764,1501.7,0.3176907948097778
1210.0,1501.92,610.2881744441338,2411.2907443009976,2409.306969793444,1501.26,-0.12231882854371179
1211.0,1501.26,610.3431211620218,2412.76588262814,2410.7814127617457,1501.64,0.2576720857844066
1212.0,1501.0,610.3980678799098,2414.2407553777425,2412.2555902776976,1501.37,-0.012337122215740237
1213.0,1501.64,610.4530145977978,2415.715362621513,2413.729502412973,1501.29,-0.09234671255262583
1214.0,1501.37,610.5079613156859,2417.1897044311445,2415.2031492392307,1501.37,-0.01235604523640177
1215.0,1501.29,610.5629080335739,2418.6637808782957,2416.6765308280965,1501.37,-0.012365390276272592
1216.0,1501.47,610.6178547514619,2420.137592034604,2418.149647251174,1501.37,-0.012374827681469469
1217.0,1501.18,610.6728014693499,2421.6111379716795,2419.6224985800386,1501.47,0.08761582253850975
1218.0,1501.53,610.7277481872379,2423.0844187611087,2421.095084886244,1501.47,0.0876062703741809
1219.0,1501.85,610.782694905126,2424.5574344744523,2422.567406241317,1501.53,0.14759686581601272
1220.0,1501.32,610.8376416230141,2426.030185183237,2424.0394627167498,1501.53,0.14758792885481853
1221.0,1501.69,610.8925883409021,2427.502670958972,2425.5112543840187,1501.41,0.027578929481705927
1222.0,1501.41,610.9475350587901,2428.974891873143,2426.9827813145757,1501.32,-0.06242976231283137
1223.0,1501.19,611.0024817766781,2430.4468479972015,2428.4540435798385,1501.41,0.027561573463117384
1224.0,1501.16,611.0574284945661,2431.9185394025817,2429.9250412512074,1501.21,-0.1724472831995172
1225.0,1501.56,611.1123752124541,2433.3899661606883,2431.3957744000536,1501.19,-0.1924563623092581
1226.0,1501.21,611.1673219303423,2434.8611283428986,2432.8662430977206,1501.16,-0.22246526387539234
1227.0,1501.07,611.2222686482303,2436.332026020565,2434.3364474155273,1501.21,-0.17247433790680589
1228.0,1500.72,611.2772153661183,2437.8026592650162,2435.806387424769,1501.21,-0.17248372441258653
1229.0,1501.58,611.3321620840063,2439.2730281475515,2437.276063196711,1501.33,-0.05249377340214778
1230.0,1501.44,611.3871088018943,2440.7431327394534,2438.7454748026025,1501.39,0.007496375114897091
1231.0,1501.33,611.4420555197823,2442.212973111967,2440.214622313655,1501.39,0.007486581128205216
1232.0,1501.39,611.4970022376704,2443.6825493363194,2441.683505801062,1501.35,-0.03252326537199224
1233.0,1501.35,611.5519489555584,2445.1518614837128,2443.152125335992,1501.35,-0.03253310439527013
1234.0,1501.31,611.6068956734464,2446.6209096253165,2444.6204809895803,1501.39,0.007457024048562744
1235.0,1501.61,611.6618423913345,2448.0896938322844,2446.088572832948,1501.44,0.05744707994927012
1236.0,1501.55,611.7167891092225,2449.558214175733,2447.5564009371783,1501.44,0.05743736329714011
1237.0,1501.44,611.7717358271105,2451.0264707267634,2449.023965373338,1501.44,0.05742781408252995
1238.0,1501.25,611.8266825449986,2452.494463556446,2450.4912662124643,1501.26,-0.12258167770437467
1239.0,1500.89,611.8816292628866,2453.9621927358294,2451.9583035255723,1501.26,-0.12259130207303315
1240.0,1501.26,611.9365759807746,2455.429658335931,2453.425077383646,1501.26,-0.12260141903311705
1241.0,1501.78,611.9915226986626,2456.8968604277457,2454.8915878576468,1501.34,-0.04261165859452376
1242.0,1501.65,612.0464694165507,2458.3637990822504,2456.357835018518,1501.34,-0.04262150076760918
1243.0,1501.34,612.1014161344388,2459.8304743703798,2457.8238189371614,1501.34,-0.04263107556221257
1244.0,1500.8,612.1563628523268,2461.2968863630563,2459.289539684465,1501.18,-0.20264069298787035
1245.0,1500.65,612.2113095702148,2462.7630351311755,2460.754997331292,1501.18,-0.2026508930541695
1246.0,1501.18,612.2662562881028,2464.228920745601,2462.220191948472,1501.18,-0.202661825771429
1247.0,1501.55,612.3212030059908,2465.694543277179,2463.685123606818,1501.27,-0.11267296115056524
1248.0,1501.82,612.3761497238788,2467.1599027967227,2465.1497923771094,1501.27,-0.1126839292026034
1249.0,1501.27,612.4310964417668,2468.624999375029,2466.6141983301104,1501.49,0.10730554006136117
1250.0,1501.1,612.4860431596549,2470.0898330828586,2468.078341536548,1501.49,0.10729489663094682
1251.0,1501.49,612.540989877543,2471.5544039909587,2469.542222067136,1501.49,0.10728397049547311
1252.0,1501.75,612.595936595431,2473.018712170036,2471.0058399925483,1501.6,0.21727315164389438
1253.0,1501.6,612.650883313319,2474.4827576907874,2472.4691953834476,1501.6,0.21726270006570303
1254.0,1501.8,612.705830031207,2475.9465406238724,2473.9322883104605,1501.6,0.21725246575010715
1255.0,1501.56,612.760776749095,2477.410061039935,2475.395118844198,1501.56,0.17724264868684259
1256.0,1501.28,612.8157234669831,2478.8733190095877,2476.857687055239,1501.41,0.02723300886623292
1257.0,1501.41,612.8706701848711,2480.336314603416,2478.3199930141354,1501.34,-0.04277673372166646
1258.0,1501.34,612.9256169027592,2481.7990478919914,2479.782036791426,1501.34,-0.042786449086179346
1259.0,1500.95,612.9805636206472,2483.2615189458425,2481.243818457606,1501.41,0.027203792763202728
1260.0,1501.65,613.0355103385352,2484.723727835486,2482.7053380831585,1501.34,-0.0428063981842115
1261.0,1501.78,613.0904570564232,2486.185674631409,2484.166595738538,1501.55,0.16718367806220158
1262.0,1500.98,613.1454037743113,2487.647359404074,2485.6275914941734,1501.55,0.16717415149241788
1263.0,1501.55,613.2003504921993,2489.108782223919,2487.08832542047,1501.16,-0.22283577790312847
1264.0,1501.1,613.2552972100873,2490.569943161354,2488.5487975878036,1501.16,-0.22284554013458546
1265.0,1501.16,613.3102439279753,2492.0308422867647,2490.0090080665273,1501.17,-0.21285558521162784
1266.0,1501.41,613.3651906458634,2493.4914796705184,2491.4689569269754,1501.17,-0.21286585314419426
1267.0,1501.17,613.4201373637515,2494.9518553829434,2492.928644239443,1501.34,-0.04287609394282299
1268.0,1501.34,613.4750840816395,2496.411969494354,2494.3880700742106,1501.35,-0.03288654761740872
1269.0,1501.35,613.5300307995275,2497.8718220750343,2495.8472345015302,1501.35,-0.0328970441785259
1270.0,1501.62,613.5849775174155,2499.3314131952457,2497.3061375916295,1501.35,-0.032907573636748566
1271.0,1501.57,613.6399242353035,2500.7907429252227,2498.76477941471,1501.35,-0.03291786600266278
1272.0,1501.31,613.6948709531915,2502.249811335178,2500.2231600409514,1501.34,-0.04292797128641723
1273.0,1501.34,613.7498176710797,2503.7086184952987,2501.681279540507,1501.34,-0.04293814949824082
1274.0,1500.93,613.8047643889677,2505.1671644757366,2503.1391379834968,1501.34,-0.04294837064821877
1275.0,1501.48,613.8597111068557,2506.6254493466317,2504.596735440027,1501.48,0.09704095525353296
1276.0,1501.52,613.9146578247437,2508.083473178092,2506.054071980172,1501.48,0.09703037819622296
1277.0,1501.54,613.9696045426317,2509.541236040205,2507.5111476739876,1501.48,0.09701993816929644
1278.0,1500.99,614.0245512605197,2510.9987380030257,2508.9679625914946,1501.27,-0.1129903448377263
1279.0,1500.92,614.0794979784077,2512.455979136591,2510.4245168026973,1500.99,-0.3930010208348449
1280.0,1501.27,614.1344446962958,2513.912959510912,2511.880810377574,1500.99,-0.3930121598330061
1281.0,1500.82,614.1893914141838,2515.3696791959683,2513.336843386071,1501.27,-0.11302341184341458
1282.0,1501.93,614.2443381320719,2516.8261382617266,2514.7926158981227,1501.38,-0.003035226877045716
1283.0,1501.54,614.2992848499599,2518.282336778112,2516.24812798362,1501.54,0.15695350505370698
1284.0,1501.38,614.3542315678479,2519.7382748150385,2517.703379712445,1501.62,0.23694239393807948
1285.0,1501.62,614.409178285736,2521.193952442391,2519.158371154449,1501.54,0.1569312797648763
1286.0,1502.07,614.464125003624,2522.6493697300252,2520.6131023794555,1501.62,0.2369204025228555
1287.0,1501.34,614.519071721512,2524.104526747779,2522.0675734572687,1501.62,0.23691021220110997
1288.0,1502.02,614.5740184394,2525.559423565461,2523.521784457665,1501.49,0.10689997878967006
1289.0,1501.49,614.6289651572881,2527.014060252856,2524.9757354503954,1501.38,-0.0031096177217477816
1290.0,1501.35,614.6839118751761,2528.4684368797184,2526.4294265051826,1501.38,-0.003119107342854477
1291.0,1501.38,614.7388585930642,2529.922553515787,2527.8828576917317,1501.38,-0.003128630083210737
1292.0,1500.94,614.7938053109522,2531.376410230769,2529.3360290797173,1501.35,-0.03313815595242886
1293.0,1501.95,614.8487520288402,2532.830007094351,2530.7889407387925,1501.36,-0.023148124959334382
1294.0,1501.11,614.9036987467282,2534.2833441761923,2532.2415927385846,1501.22,-0.16315752711420828
1295.0,1501.36,614.9586454646162,2535.7364215459274,2533.6939851486954,1501.3,-0.083167202426921
1296.0,1501.22,615.0135921825042,2537.189239273164,2535.146118038699,1501.3,-0.08317690090666474
1297.0,1501.3,615.0685389003922,2538.6417974274905,2536.597991478152,1501.36,-0.023186762563454977
1298.0,1501.39,615.1234856182804,2540.094096078467,2538.0496055365807,1501.39,0.006803292593531296
1299.0,1501.66,615.1784323361684,2541.5461352956236,2539.5009602834825,1501.39,0.006793354553565223
1300.0,1501.56,615.2333790540564,2542.9979151484754,2540.9520557883407,1501.56,0.17678369330656096
1301.0,1501.19,615.2883257719444,2544.449435706506,2542.4028921206054,1501.56,0.1767742088434261
1302.0,1501.8,615.3432724898324,2545.9006970391783,2543.8534693497068,1501.56,0.17676453115450386
1303.0,1501.05,615.3982192077204,2547.351699215925,2545.3037875450445,1501.19,-0.1932447297699582
1304.0,1501.87,615.4531659256085,2548.8024423061584,2546.753846775999,1501.62,0.2367456760607638
1305.0,1501.19,615.5081126434966,2550.25292637927,2548.2036471119286,1501.19,-0.19326343136231117
1306.0,1501.62,615.5630593613846,2551.7031515046137,2549.6531886221546,1501.61,0.22672726795076414
1307.0,1501.0,615.6180060792726,2553.153117751529,2551.1024713759834,1501.39,0.006718203991340488
1308.0,1501.61,615.6729527971606,2554.6028251893285,2552.551495442696,1501.61,0.22670875674975832
1309.0,1501.39,615.7278995150486,2556.052273887297,2554.000260891543,1501.61,0.22669953621721106
1310.0,1501.76,615.7828462329367,2557.5014639147025,2555.448767791761,1501.61,0.22669032238422915
1311.0,1501.72,615.8377929508247,2558.95039534078,2556.8970162125515,1501.58,0.19668148524147
1312.0,1501.15,615.8927396687127,2560.3990682347394,2558.3450062230927,1501.58,0.19667298478020712
1313.0,1501.58,615.9476863866007,2561.847482665774,2559.7927378925447,1501.58,0.19666425099194385
1314.0,1500.6,616.0026331044888,2563.2956387030486,2561.2402112900395,1501.54,0.15665571386807642
1315.0,1501.68,616.0575798223769,2564.743536415698,2562.6874264846797,1501.54,0.15664639339979658
1316.0,1501.54,616.1125265402649,2566.191175872837,2564.1343835455473,1501.18,-0.20336263042213432
1317.0,1501.18,616.1674732581529,2567.638557143556,2565.5810825417007,1501.54,0.15662850239323234
1318.0,1500.84,616.2224199760409,2569.085680296922,2567.027523542173,1501.18,-0.20338056816285643
1319.0,1501.93,616.2773666939289,2570.532545401972,2568.4737066159705,1500.94,-0.4433901820996198
1320.0,1500.94,616.3323134118169,2571.979152527727,2569.91963183208,1500.94,-0.44339924942664766
1321.0,1500.83,616.387260129705,2573.425501743176,2571.3652992594593,1501.02,-0.36340876015287904
1322.0,1501.02,616.4422068475931,2574.8715931172833,2572.810708967039,1501.02,-0.3634188242876917
1323.0,1501.55,616.4971535654811,2576.3174267189916,2574.25586102373,1501.39,0.006570748158765127
1324.0,1501.39,616.5521002833691,2577.763002617221,2575.70075549842,1501.51,0.12656048717576596
1325.0,1501.51,616.6070470012571,2579.2083208808617,2577.1453924599664,1501.55,0.1665502327532522
1326.0,1501.56,616.6619937191451,2580.653381578785,2578.589771977208,1501.51,0.12654010488131462
1327.0,1501.65,616.7169404370331,2582.09818477983,2580.033894118952,1501.51,0.12653015354953823
1328.0,1501.13,616.7718871549212,2583.542730552823,2581.4777589539917,1501.46,0.07652046874773077
1329.0,1500.93,616.8268338728092,2584.9870189665517,2582.9213665510824,1501.31,-0.07348946953356972
1330.0,1501.46,616.8817805906973,2586.4310500897964,2584.364716978972,1501.31,-0.07349986130429897
1331.0,1501.31,616.9367273085853,2587.87482399129,2585.8078103063617,1501.31,-0.07351017657492775
1332.0,1501.61,616.9916740264733,2589.3183407397614,2587.2506466019468,1501.46,0.07647943464439777
1333.0,1500.67,617.0466207443613,2590.7616004039046,2588.6932259343894,1501.31,-0.07353072765704383
1334.0,1501.55,617.1015674622494,2592.2046030523957,2590.1355483723337,1501.55,0.16645839651073402
1335.0,1501.2,617.1565141801374,2593.6473487538797,2591.577613984392,1501.55,0.16644768713695157
1336.0,1502.15,617.2114608980254,2595.0898375769802,2593.0194228391556,1501.83,0.44643679421051274
1337.0,1501.83,617.2664076159135,2596.5320695902988,2594.4609750051936,1501.83,0.4464266677209707
1338.0,1501.95,617.3213543338015,2597.9740448624048,2595.902270551043,1501.83,0.4464169876582673
1339.0,1501.67,617.3763010516896,2599.4157634618527,2597.3433095452265,1501.71,0.3264078740128298
1340.0,1501.71,617.4312477695776,2600.857225457168,2598.7840920562367,1501.67,0.28639904677515915
1341.0,1501.46,617.4861944874656,2602.2984309168487,2600.224618152539,1501.5,0.1163905459363832
1342.0,1500.83,617.5411412053536,2603.739379909377,2601.6648879025843,1501.46,0.07638212148822277
1343.0,1501.5,617.5960879232416,2605.180072503201,2603.1049013747875,1501.18,-0.20362685657778457
1344.0,1500.98,617.6510346411296,2606.620508766751,2604.5446586375474,1501.18,-0.20363571827056148
1345.0,1501.18,617.7059813590176,2608.0606887684316,2605.9841597592363,1501.18,-0.2036449835991334
1346.0,1501.54,617.7609280769058,2609.500612576624,2607.423404808202,1501.12,-0.2636544525728368
1347.0,1501.12,617.8158747947938,2610.9402802596774,2608.862393852763,1501.18,-0.20366376520064478
1348.0,1500.98,617.8708215126818,2612.3796918859275,2610.3011269612225,1501.12,-0.2636733414926766
1349.0,1501.28,617.9257682305698,2613.8188475236793,2611.7396042018527,1501.07,-0.31368332145780187
1350.0,1500.99,617.9807149484578,2615.257747241217,2613.1778256429056,1500.99,-0.3936934051062053
1351.0,1501.07,618.0356616663458,2616.696391106797,2614.615791352606,1501.07,-0.3137038824481806
1352.0,1500.8,618.0906083842339,2618.1347791886515,2616.0535013991534,1501.07,-0.31371467349390514
1353.0,1501.64,618.145555102122,2619.5729115549984,2617.490955850734,1501.22,-0.16372604825414783
1354.0,1501.22,618.20050182001,2621.0107882740103,2618.9281547754877,1501.56,0.17626283325944314
1355.0,1501.65,618.255448537898,2622.448409413858,2620.365098241554,1501.56,0.1762515510358753
1356.0,1501.56,618.310395255786,2623.885775042672,2621.8017863170303,1501.56,0.17624053506392556
1357.0,1501.14,618.365341973674,2625.322885228569,2623.238219070002,1501.56,0.17622969533249488
1358.0,1501.86,618.4202886915621,2626.759740039636,2624.674396568524,1501.14,-0.24378138816905448
1359.0,1501.13,618.4752354094501,2628.1963395439384,2626.1103188806287,1501.14,-0.24379199545228403
1360.0,1500.38,618.5301821273381,2629.632683809515,2627.545986074324,1501.15,-0.2338028565275181
1361.0,1501.15,618.5851288452261,2631.0687729043816,2628.9813982175924,1501.15,-0.2338147214059063
1362.0,1501.34,618.6400755631142,2632.5046068965335,2630.4165553783982,1501.34,-0.04382682009918426
1363.0,1501.51,618.6950222810023,2633.940185853933,2631.8514576246716,1501.51,0.12616103738105267
1364.0,1501.54,618.7499689988903,2635.375509844524,2633.2861050243237,1501.51,0.12614902102200176
1365.0,1501.82,618.8049157167783,2636.810578936228,2634.720497645245,1501.51,0.12613716081204984
1366.0,1501.18,618.8598624346663,2638.245393196939,2636.1546355552964,1501.43,0.04612573673944098
1367.0,1500.78,618.9148091525543,2639.6799526945274,2637.588518822317,1501.18,-0.20388589120761935
1368.0,1501.43,618.9697558704423,2641.1142574968426,2639.022147514124,1501.18,-0.20389812304051702
1369.0,1500.97,619.0247025883305,2642.548307671708,2640.4555216985086,1501.22,-0.16391030877161938
1370.0,1501.22,619.0796493062185,2643.9821032869163,2641.8886414432322,1501.22,-0.16392290841281465
1371.0,1501.69,619.1345960241065,2645.415644410248,2643.3215068160434,1501.2,-0.18393567197699667
1372.0,1500.95,619.1895427419945,2646.848931109451,2644.754117884657,1501.2,-0.18394812947690298
1373.0,1501.2,619.2444894598825,2648.281963452254,2646.186474716771,1501.2,-0.18396102092492583
1374.0,1500.61,619.2994361777705,2649.7147415063578,2647.6185773800535,1501.2,-0.18397409633371353
1375.0,1501.46,619.3543828956585,2651.14726533944,2649.0504259421505,1501.36,-0.023987945716726244
1376.0,1501.36,619.4093296135466,2652.5795350191574,2650.4820204706875,1501.36,-0.02400171908766424
1377.0,1501.36,619.4642763314346,2654.01155061314,2651.9133610332615,1501.36,-0.02401551646016742
1378.0,1501.61,619.5192230493227,2655.443312188997,2653.3444476974505,1501.36,-0.02402933784810557
1379.0,1500.97,619.5741697672107,2656.874819814304,2654.7752805307978,1501.36,-0.024042933265263855
1380.0,1501.31,619.6291164850987,2658.306073556624,2656.2058596008355,1501.31,-0.07405694272529217
1381.0,1501.41,619.6840632029867,2659.7370734834903,2657.6361849750638,1501.02,-0.3640710262422999
1382.0,1500.93,619.7390099208748,2661.167819662416,2659.066256720965,1501.31,-0.0740850838303686
1383.0,1501.02,619.7939566387628,2662.598312160884,2660.496074905989,1501.32,-0.06409959550342137
1384.0,1501.32,619.8489033566508,2664.0285510463596,2661.9256395975713,1501.32,-0.06411447127607062
1385.0,1501.48,619.9038500745389,2665.4585363862852,2663.354950863121,1501.39,0.00587058883706959
1386.0,1501.7,619.9587967924269,2666.8882682480694,2664.7840087700147,1501.48,0.09585574482048287
1387.0,1501.39,620.013743510315,2668.3177466991037,2666.212813385613,1501.48,0.0958412166596645
1388.0,1501.57,620.068690228203,2669.7469718067573,2667.641364777253,1501.39,0.005826694340157701
1389.0,1501.2,620.123636946091,2671.175943638373,2669.0696630122457,1501.35,-0.03418764215302872
1390.0,1501.35,620.178583663979,2672.604662261272,2670.497708157881,1501.2,-0.1842021628335715
1391.0,1500.94,620.233530381867,2674.0331277427485,2671.92550028142,1501.14,-0.2442167177164265
1392.0,1501.07,620.288477099755,2675.4613401500724,2673.3530394501026,1501.14,-0.24423171681610256
1393.0,1501.14,620.3434238176432,2676.889299550499,2674.7803257311516,1501.14,-0.24424703014733495
1394.0,1501.38,620.3983705355312,2678.3170060112407,2676.207359191748,1501.14,-0.24426258772564324
1395.0,1502.02,620.4533172534192,2679.7444595995044,2677.6341398990667,1501.14,-0.24427814956652583
1396.0,1500.84,620.5082639713072,2681.1716603824675,2679.0606679202533,1501.38,-0.004293075685609438
1397.0,1501.04,620.5632106891952,2682.598608427279,2680.4869433224258,1501.57,0.18569145390210906
1398.0,1501.9,620.6181574070832,2684.0253038010705,2681.9129661726834,1501.49,0.105675639181527
1399.0,1501.57,620.6731041249712,2685.451746570948,2683.3387365381013,1501.49,0.10566034013663739
1400.0,1501.49,620.7280508428594,2686.8779368039905,2684.764254485726,1501.57,0.1856452267518307
1401.0,1501.27,620.7829975607474,2688.303874567256,2686.1895200825843,1501.49,0.10563021901248248
1402.0,1501.6,620.8379442786354,2689.729559927779,2687.6145333956792,1501.29,-0.09438490309685221
1403.0,1501.29,620.8928909965234,2691.154992952567,2689.0392944919863,1501.29,-0.09439980959109562
1404.0,1501.18,620.9478377144114,2692.5801737086113,2690.4638034384657,1501.45,0.06558518951487713
1405.0,1501.7,621.0027844322994,2694.0051022628713,2691.8880603020452,1501.31,-0.07443001579417796
1406.0,1501.45,621.0577311501875,2695.4297786822845,2693.31206514963,1501.45,0.0655550944670722
1407.0,1501.31,621.1126778680755,2696.8542030337717,2694.7358180481106,1501.53,0.1455402702831634
1408.0,1501.53,621.1676245859635,2698.278375384219,2696.159319064341,1501.45,0.06552537163975103
1409.0,1501.68,621.2225713038516,2699.7022958004986,2697.5825682651616,1501.31,-0.07448938147831541
1410.0,1500.95,621.2775180217396,2701.1259643494514,2699.005565717382,1501.24,-0.14450383908547337
1411.0,1501.24,621.3324647396277,2702.5493810978987,2700.428311487792,1501.24,-0.1445187311967402
1412.0,1501.16,621.3874114575157,2703.9725461126386,2701.8508056431583,1501.24,-0.14453376782671512
1413.0,1501.44,621.4423581754037,2705.3954594604443,2703.2730482502225,1501.24,-0.1445490289904683
1414.0,1501.73,621.4973048932917,2706.8181212080663,2704.695039375704,1501.38,-0.004564234703138936
1415.0,1501.17,621.5522516111797,2708.2405314222283,2706.116779086294,1501.38,-0.004579094980044829
1416.0,1501.38,621.6071983290678,2709.6626901696395,2707.5382674486714,1501.17,-0.21459416983589108
1417.0,1501.12,621.6621450469559,2711.0845975169696,2708.959504529474,1501.17,-0.21460924928601344
1418.0,1500.66,621.7170917648439,2712.506253530879,2710.380490395331,1501.12,-0.2646245933456157
1419.0,1501.69,621.7720384827319,2713.9276582779967,2711.80122511284,1501.12,-0.2646406620297057
1420.0,1500.83,621.8269852006199,2715.3488118249365,2713.221708748583,1501.41,0.025343574645830813
1421.0,1501.67,621.8819319185079,2716.7697142382785,2714.6419413691087,1501.41,0.025327256664695597
1422.0,1501.41,621.9368786363959,2718.190365584585,2716.0619230409484,1501.41,0.025311224010692968
1423.0,1501.13,621.991825354284,2719.6107659303943,2717.481653830609,1501.42,0.035295216667918794
1424.0,1501.42,622.046772072172,2721.0309153422213,2718.901133804574,1501.41,0.025278954620262084
1425.0,1501.74,622.1017187900601,2722.4508138865594,2720.320363029305,1501.42,0.03526272785165929
1426.0,1500.99,622.1566655079481,2723.8704616298687,2721.7393415712318,1501.42,0.035246856345793276
1427.0,1501.59,622.2116122258361,2725.289858638597,2723.1580694967697,1501.07,-0.31476940991342417
1428.0,1500.39,622.2665589437241,2726.7090049791627,2724.5765468723066,1501.07,-0.3147854709420699
1429.0,1501.07,622.3215056616122,2728.127900717967,2725.994773764212,1501.07,-0.3148025267560115
1430.0,1501.61,622.3764523795002,2729.5465459213783,2727.4127502388233,1501.07,-0.31481989737267213
1431.0,1501.05,622.4313990973882,2730.964940655749,2728.8304763624615,1501.25,-0.1348370428090675
1432.0,1501.25,622.4863458152763,2732.3830849874075,2730.2479522014237,1501.32,-0.06485452308265849
1433.0,1501.32,622.5412925331643,2733.8009789826538,2731.6651778219784,1501.25,-0.13487213821053956
1434.0,1501.41,622.5962392510523,2735.2186227077677,2733.0821532903747,1501.25,-0.134889818210695
1435.0,1501.18,622.6511859689404,2736.6360162290052,2734.4988786728372,1501.32,-0.0649074731006749
1436.0,1500.8,622.7061326868284,2738.053159612602,2735.91535403557,1501.41,0.02507466710198969
1437.0,1502.39,622.7610794047164,2739.470052924766,2737.3315794447503,1501.41,0.02505622237913485
1438.0,1502.04,622.8160261226044,2740.8866962316815,2738.7475549665305,1501.41,0.025038782712499597
1439.0,1501.41,622.8709728404924,2742.303089599515,2740.1632806670464,1501.41,0.02502199808441219
1440.0,1500.83,622.9259195583804,2743.7192330944044,2741.578756612405,1500.96,-0.4249947615214751
1441.0,1500.96,622.9808662762686,2745.1351267824675,2742.9939828686925,1500.96,-0.42501207612235703
1442.0,1500.93,623.0358129941566,2746.5507707297925,2744.4089595019664,1500.96,-0.4250298157353427
1443.0,1501.72,623.0907597120446,2747.9661650024505,2745.823686578266,1501.36,-0.025048010378213803
1444.0,1501.55,623.1457064299326,2749.3813096664917,2747.2381641636107,1501.36,-0.025065870069056473
1445.0,1501.36,623.2006531478206,2750.7962047879346,2748.652392323988,1501.54,0.1549164351743002
1446.0,1501.34,623.2555998657086,2752.2108504327794,2750.0663711253665,1501.54,0.1548987153341841
1447.0,1501.54,623.3105465835966,2753.625246667006,2751.4801006336957,1501.36,-0.025119049607383204
1448.0,1501.84,623.3654933014848,2755.039393556567,2752.8935809148966,1501.54,0.15486334033221283
1449.0,1501.22,623.4204400193728,2756.4532911673855,2754.306812034861,1501.54,0.15484618513505666
1450.0,1501.67,623.4753867372608,2757.866939565375,2755.7197940594724,1501.38,-0.005171135215732647
1451.0,1501.38,623.5303334551488,2759.2803388164157,2757.132527054579,1501.38,-0.0051881707379379804
1452.0,1501.14,623.5852801730368,2760.6934889863687,2758.545011086011,1501.39,0.004794788551862439
1453.0,1501.39,623.6402268909249,2762.1063901410707,2759.9572462195747,1501.38,-0.005222497363774892
1454.0,1501.56,623.6951736088129,2763.5190423463378,2761.369232521054,1501.29,-0.09523977850199117
1455.0,1500.92,623.7501203267009,2764.9314456679567,2762.7809700562057,1501.29,-0.09525688487997286
1456.0,1501.29,623.8050670445889,2766.3436001716973,2764.1924588907677,1501.29,-0.09527445651474409
1457.0,1500.97,623.860013762477,2767.7555059233055,2765.603699090456,1501.12,-0.2652921234241603
1458.0,1501.43,623.914960480365,2769.1671629884977,2767.0146907209555,1501.12,-0.26531020562561025
1459.0,1501.12,623.969907198253,2770.5785714329736,2768.4254338479345,1501.12,-0.2653282431374464
1460.0,1501.02,624.0248539161411,2771.989731322408,2769.8359285370375,1501.12,-0.26534654597753615
1461.0,1501.44,624.0798006340291,2773.4006427224513,2771.2461748538835,1501.12,-0.26536521416392134
1462.0,1500.91,624.1347473519171,2774.811305698737,2772.656172864076,1501.44,0.054616172284568165
1463.0,1501.46,624.1896940698051,2776.2217203168634,2774.0659226331804,1501.46,0.0745970833490901
1464.0,1501.82,624.2446407876932,2777.631886642423,2775.4754242267604,1501.55,0.16457806901053118
1465.0,1501.55,624.2995875055813,2779.041804740962,2776.8846777103304,1501.55,0.16455948924999575
1466.0,1501.55,624.3545342234693,2780.451474678025,2778.2936831494035,1501.55,0.16454107404911156
1467.0,1501.41,624.4094809413573,2781.8608965191233,2779.7024406094615,1501.48,0.09452282338929763
1468.0,1501.48,624.4644276592453,2783.270070329748,2781.110950155963,1501.41,0.024504597252189342
1469.0,1501.3,624.5193743771333,2784.678996175362,2782.519211854342,1501.41,0.024486465619702358
1470.0,1501.11,624.5743210950213,2786.087674121413,2783.927225770013,1501.38,-0.005531751526177686
1471.0,1501.47,624.6292678129093,2787.496104233321,2785.334991968368,1501.38,-0.0055502442039596644
1472.0,1501.38,624.6842145307974,2788.904286576482,2786.742510514769,1501.47,0.0844313475679428
1473.0,1501.54,624.7391612486855,2790.3122212162784,2788.1497814745703,1501.47,0.08441293377131842
1474.0,1501.53,624.7941079665735,2791.719908218052,2789.556804913081,1501.5,0.11439467438754036
1475.0,1500.94,624.8490546844615,2793.1273476471356,2790.9635808956045,1501.5,0.11437655939835167
1476.0,1501.5,624.9040014023495,2794.534539568834,2792.370109487414,1501.35,-0.03564200121445538
1477.0,1501.35,624.9589481202376,2795.941484048433,2793.7763907537646,1501.35,-0.035660447469126666
1478.0,1501.18,625.0138948381256,2797.348181151193,2795.182424759886,1501.35,-0.03567892938417572
1479.0,1501.45,625.0688415560136,2798.7546309423456,2796.588211570979,1501.35,-0.03569761697804097
1480.0,1501.05,625.1237882739017,2800.160833487113,2797.9937512522356,1501.36,-0.025716240269503032
1481.0,1501.38,625.1787349917897,2801.566788850679,2799.3990438688083,1501.38,-0.005735199277069114
1482.0,1501.36,625.2336817096777,2802.972497098215,2800.804089485838,1501.38,-0.005754164020117969
1483.0,1501.5,625.2886284275658,2804.3779582948664,2802.208888168439,1501.4,0.014226845482653516
1484.0,1501.4,625.3435751454538,2805.783172505755,2803.613439981703,1501.4,0.014207969212293392
1485.0,1501.93,625.3985218633418,2807.18813979598,2805.0177449906982,1501.5,0.11418910714996855
1486.0,1501.11,625.4534685812298,2808.5928602306185,2806.421803260471,1501.4,0.014170789276931828
1487.0,1501.77,625.5084152991178,2809.997333874726,2807.825614856046,1501.62,0.23415219557432465
1488.0,1501.39,625.5633620170058,2811.401560793329,2809.2291798424194,1501.56,0.1741339860241169
1489.0,1501.62,625.618308734894,2812.8055410514444,2810.6324982845777,1501.56,0.17411578060796273
1490.0,1501.56,625.673255452782,2814.209274714047,2812.0355702474644,1501.56,0.17409780930756824
1491.0,1501.22,625.72820217067,2815.612761846106,2813.438395796019,1501.56,0.1740800121049233
1492.0,1501.65,625.783148888558,2817.016002512557,2814.8409749951456,1501.5,0.11406204898230499
1493.0,1500.9,625.838095606446,2818.4189967783213,2816.243307909735,1501.5,0.1140443499216417
1494.0,1501.5,625.893042324334,2819.821744708287,2817.6453946046454,1501.58,0.19402616490515356
1495.0,1501.6,625.947989042222,2821.224246367332,2819.047235144723,1501.54,0.1540080939150812
1496.0,1501.58,626.0029357601102,2822.626501820303,2820.448829594785,1501.54,0.1539902369331685
1497.0,1501.54,626.0578824779982,2824.0285111320222,2821.8501780196225,1501.54,0.15397257394147346
1498.0,1501.23,626.1128291958862,2825.4302743672943,2823.25128048401,1501.54,0.1539550649222292
1499.0,1501.29,626.1677759137742,2826.8317915908983,2824.6521370526953,1501.29,-0.0960626001417495
1500.0,1501.64,626.2227226316622,2828.233062867596,2826.05274779041,1501.29,-0.0960803612683776
1501.0,1501.0,626.2776693495503,2829.6340882621184,2827.4531127618557,1501.37,-0.016097868475299038
1502.0,1501.37,626.3326160674383,2831.034867839177,2828.8532320317113,1501.4,0.013884238220043699
1503.0,1501.4,626.3875627853263,2832.4354016634643,2830.2531056646403,1501.4,0.013866328799394978
1504.0,1501.51,626.4425095032143,2833.835689799646,2831.652733725278,1501.4,0.013848433245129854
1505.0,1501.79,626.4974562211024,2835.235732312367,2833.0521162782375,1501.4,0.013830661539032008
1506.0,1501.07,626.5524029389904,2836.635529266244,2834.451253388106,1501.22,-0.16618670633624788
1507.0,1500.89,626.6073496568785,2838.035080725879,2835.8501451194556,1501.22,-0.16620439039820667
1508.0,1501.22,626.6622963747665,2839.434386755846,2837.248791536829,1501.22,-0.16622257066433122
1509.0,1501.51,626.7172430926545,2840.8334474207004,2838.647192704751,1501.22,-0.16624091715311806
1510.0,1501.23,626.7721898105425,2842.2322627849735,2840.045348687723,1501.23,-0.1562591398828772
1511.0,1500.91,626.8271365284306,2843.6308329131734,2841.4432595502226,1501.51,0.12372248112819761
1512.0,1501.86,626.8820832463186,2845.029157869782,2842.840925356701,1501.28,-0.10629637413808268
1513.0,1501.82,626.9370299642067,2846.4272377192638,2844.2383461715926,1501.59,0.20368524429909485
1514.0,1501.28,626.9919766820947,2847.8250725260614,2845.63552205931,1501.59,0.20366729642159953
1515.0,1501.59,627.0469233999827,2849.2226623545876,2847.0324530842345,1501.46,0.07364924221155889
1516.0,1501.13,627.1018701178707,2850.6200072692413,2848.429139310736,1501.46,0.07363139165067878
1517.0,1501.46,627.1568168357587,2852.0171073343945,2849.8255808031554,1501.57,0.18361328472110472
1518.0,1501.64,627.2117635536467,2853.4139626143983,2851.221777625813,1501.46,0.07359525140509504
1519.0,1501.57,627.2667102715347,2854.8105731735764,2852.6177298430034,1501.46,0.07357747168407514
1520.0,1501.25,627.3216569894229,2856.206939076237,2854.0134375190037,1501.33,-0.05644012445964108
1521.0,1501.33,627.3766037073109,2857.603060386661,2855.4089007180646,1501.25,-0.13645785704329683
1522.0,1501.1,627.4315504251989,2858.9989371691063,2856.8041195044134,1501.25,-0.1364756460850458
1523.0,1501.18,627.4864971430869,2860.3945694878144,2858.199093942262,1501.22,-0.16649372160236453
1524.0,1501.49,627.5414438609749,2861.7899574069975,2859.593824095792,1501.22,-0.166512003613434
1525.0,1501.22,627.596390578863,2863.1851009908455,2860.988310029163,1501.48,0.09346981786347897
1526.0,1501.62,627.651337296751,2864.580000303534,2862.3825518065205,1501.48,0.09345147281010213
1527.0,1501.48,627.7062840146391,2865.974655409209,2863.77654949198,1501.43,0.04343336120814456
1528.0,1501.43,627.7612307325271,2867.3690663719904,2865.1703031496313,1501.48,0.09341534303939625
1529.0,1501.34,627.8161774504151,2868.7632332559842,2866.5638128435503,1501.43,0.043397368286150595
1530.0,1501.57,627.8711241683031,2870.15715612527,2867.9570786377863,1501.43,0.043379346930123575
1531.0,1501.42,627.9260708861912,2871.5508350439054,2869.3501005963667,1501.42,0.03336150895370338
1532.0,1501.7,627.9810176040792,2872.944270075927,2870.742878783298,1501.42,0.03334370433890399
1533.0,1501.16,628.0359643219672,2874.3374612853454,2872.13541326256,1501.42,0.033326213067539356
1534.0,1501.18,628.0909110398552,2875.730408736152,2873.5277040981155,1501.18,-0.20669150487765364
1535.0,1501.79,628.1458577577432,2877.1231124923133,2874.919751353899,1501.16,-0.2267094295143579
1536.0,1500.98,628.2008044756313,2878.5155726177795,2876.3115550938314,1501.18,-0.20672695086045678
1537.0,1501.09,628.2557511935194,2879.9077891764687,2877.703115381801,1501.4,0.013255121066549691
1538.0,1501.68,628.3106979114074,2881.2997622322837,2879.09443228168,1501.09,-0.296763103751573
1539.0,1501.4,628.3656446292954,2882.6914918491016,2880.4855058573153,1501.4,0.013218964667657929
1540.0,1501.0,628.4205913471834,2884.0829780907793,2881.876336172534,1501.4,0.013201046305766795
1541.0,1501.51,628.4755380650714,2885.474221021153,2883.2669232911426,1501.4,0.013182741144873944
1542.0,1501.3,628.5304847829594,2886.86522070403,2884.6572672769175,1501.3,-0.08683544083328343
1543.0,1501.69,628.5854315008476,2888.2559772032064,2886.047368193625,1501.44,0.053146290353424774
1544.0,1501.29,628.6403782187356,2889.6464905824405,2887.4372261049934,1501.44,0.05312832468621309
1545.0,1501.44,628.6953249366236,2891.036760905481,2888.8268410747414,1501.44,0.05311026214735648
1546.0,1501.76,628.7502716545116,2892.4267882360487,2890.21621316656,1501.29,-0.0969077472814206
1547.0,1501.16,628.8052183723996,2893.8165726378465,2891.6053424441216,1501.44,0.05307461638244604
1548.0,1501.25,628.8601650902876,2895.20611417455,2892.9942289710716,1501.25,-0.13694324687935477
1549.0,1501.67,628.9151118081757,2896.5954129098172,2894.3828728110393,1501.19,-0.19696124708434581
1550.0,1501.04,628.9700585260637,2897.9844689072775,2895.7712740276224,1501.19,-0.19697896425077488
1551.0,1501.19,629.0250052439517,2899.373282230545,2897.159432684406,1501.19,-0.1969970283960265
1552.0,1501.06,629.0799519618398,2900.7618529432093,2898.5473488449497,1501.19,-0.1970152895382853
1553.0,1501.62,629.1348986797278,2902.1501811088337,2899.9350225727867,1501.51,0.12296612230420578
1554.0,1501.8,629.1898453976158,2903.538266790962,2901.3224539314306,1501.62,0.23294776711281884
1555.0,1501.51,629.2447921155039,2904.9261100531194,2902.709642984377,1501.8,0.4129298248692521
1556.0,1502.0,629.2997388333919,2906.3137109588056,2904.096589795095,1501.8,0.4129120055556541
1557.0,1501.85,629.3546855512799,2907.7010695714985,2905.483294427034,1501.51,0.1228947991539826
1558.0,1501.27,629.4096322691679,2909.0881859546516,2906.869756943616,1501.4,0.01287805564743394
1559.0,1501.15,629.464578987056,2910.4750601717046,2908.2559774082515,1501.4,0.01286119501878602
1560.0,1501.4,629.519525704944,2911.8616922860588,2909.641955884312,1501.27,-0.1171559027488911
1561.0,1501.72,629.5744724228321,2913.248082361112,2911.027692435166,1501.4,0.012827012327761622
1562.0,1501.16,629.6294191407201,2914.6342304602254,2912.4131871241434,1501.46,0.07281026023133563
1563.0,1501.46,629.6843658586081,2916.020136646748,2913.798440014564,1501.46,0.0727932809450067
1564.0,1501.52,629.7393125764961,2917.4058009840005,2915.1834511697193,1501.46,0.07277637445190521
1565.0,1501.26,629.7942592943841,2918.7912235352865,2916.5682206528822,1501.46,0.07275960073525312
1566.0,1501.78,629.8492060122721,2920.1764043638827,2917.9527485272997,1501.52,0.1327426997781913
1567.0,1501.23,629.9041527301601,2921.5613435330433,2919.3370348561966,1501.26,-0.12727380843625724
1568.0,1501.78,629.9590994480483,2922.9460411060118,2920.7210797027865,1501.23,-0.15729047392437678
1569.0,1501.09,630.0140461659363,2924.330497145989,2922.10488313024,1501.23,-0.1573067467029432
1570.0,1500.92,630.0689928838243,2925.7147117161708,2923.4884452017236,1501.7,0.31267668321174824
1571.0,1501.7,630.1239396017123,2927.0986848797265,2924.8717659803765,1501.63,0.2426596458030872
1572.0,1501.92,630.1788863196003,2928.482416699801,2926.254845529314,1501.7,0.31264292105379354
1573.0,1501.63,630.2338330374884,2929.865907239518,2927.6376839116306,1501.87,0.48262672894747993
1574.0,1501.87,630.2887797553764,2931.2491565619807,2929.0202811903987,1501.87,0.48261077946790465
1575.0,1502.35,630.3437264732645,2932.6321647302743,2930.4026374286746,1501.72,0.33259531259932373
1576.0,1501.72,630.3986731911525,2934.0149318074473,2931.784752689476,1501.87,0.48258080832579253
1577.0,1501.65,630.4536199090405,2935.3974578565435,2933.1666270358187,1502.35,0.9625666366330279
1578.0,1502.45,630.5085666269285,2936.779742940573,2934.548260530682,1501.99,0.602552727506918
1579.0,1502.39,630.5635133448166,2938.1617871225326,2935.9296532370327,1502.39,1.002539880933682
1580.0,1501.99,630.6184600627046,2939.5435904653873,2937.310805217807,1502.39,1.0025280369002303
1581.0,1502.62,630.6734067805926,2940.9251530320907,2938.6917165359278,1502.36,0.9725167953945402
1582.0,1502.36,630.7283534984806,2942.3064748855663,2940.07238725429,1502.36,0.9725067864058019
1583.0,1502.23,630.7833002163686,2943.6875560887206,2941.4528174357697,1502.36,0.9724977499238321
1584.0,1502.75,630.8382469342567,2945.068396704438,2942.833007143222,1502.27,0.8824895559398556
1585.0,1502.27,630.8931936521448,2946.4489967955737,2944.2129564394727,1502.23,0.8424827244452899
1586.0,1502.01,630.9481403700328,2947.8293564249702,2945.5926653873344,1502.02,0.632476775433588
1587.0,1502.02,631.0030870879208,2949.2094756554443,2946.972134049594,1502.02,0.6324714488987411
1588.0,1501.81,631.0580338058088,2950.5893545497906,2948.3513624890165,1502.01,0.6224667548353864
1589.0,1502.21,631.1129805236968,2951.968993170782,2949.730350768346,1501.81,0.42246248323863256
1590.0,1501.68,631.1679272415848,2953.3483915811707,2951.1090989503045,1501.81,0.42245903410457686
1591.0,1501.64,631.222873959473,2954.72754984369,2952.4876070975956,1501.68,0.2924558774293473
1592.0,1502.28,631.277820677361,2956.1064680210425,2953.8658752728925,1501.64,0.2524529732099836
1593.0,1501.17,631.332767395249,2957.4851461759135,2955.2439035388516,1501.49,0.10245096144353738
1594.0,1501.23,631.387714113137,2958.8635843709703,2956.6216919581097,1501.49,0.1024487321280958
1595.0,1501.49,631.442660831025,2960.241782668854,2957.9992405932785,1501.49,0.10244634526156915
1596.0,1501.5,631.497607548913,2961.619741132183,2959.376549506948,1501.49,0.10244406084120783
1597.0,1501.57,631.552554266801,2962.9974598235603,2960.7536187616897,1501.5,0.11244188886485063
1598.0,1501.36,631.6075009846891,2964.374938805561,2962.130448420051,1501.5,0.11243989933041121
1599.0,1501.86,631.6624477025771,2965.7521781407395,2963.5070385445556,1501.57,0.18243788223594493
1600.0,1501.14,631.7173944204652,2967.129177891632,2964.8833891977115,1501.39,0.0024363375794109743
1601.0,1501.68,631.7723411383532,2968.5059381207457,2966.259500441995,1501.55,0.16243454535901947
1602.0,1501.39,631.8272878562412,2969.8824588905713,2967.635372339869,1501.55,0.1624330455733798
1603.0,1501.55,631.8822345741293,2971.2587402635786,2969.011004953772,1501.68,0.2924315482207476
1604.0,1501.7,631.9371812920173,2972.6347823022134,2970.3863983461215,1501.55,0.16243021329933072
1605.0,1501.92,631.9921280099053,2974.0105850688997,2971.7615525793117,1501.55,0.16242919080855245
1606.0,1501.55,632.0470747277933,2975.3861486260416,2973.1364677157176,1501.55,0.16242870074688653
1607.0,1501.39,632.1020214456814,2976.7614730360247,2974.511143817695,1501.42,0.03242837311404401
1608.0,1501.09,632.1569681635694,2978.136558361201,2975.885580947567,1501.39,0.002428047909461384
1609.0,1501.42,632.2119148814575,2979.5114046639096,2977.259779167643,1501.39,0.002427425132736971
1610.0,1500.98,632.2668615993455,2980.8860120064696,2978.6337385402126,1501.09,-0.2975731652165905
1611.0,1501.68,632.3218083172335,2982.2603804511737,2980.0074591275393,1501.42,0.0324258368611936
1612.0,1501.08,632.3767550351215,2983.6345100602966,2981.3809409918686,1501.57,0.18242513136465277
1613.0,1501.73,632.4317017530095,2985.008400896087,2982.75418419542,1501.57,0.18242411829351113
1614.0,1501.57,632.4866484708975,2986.382053020778,2984.127188800396,1501.41,0.0224234476465881
1615.0,1501.41,632.5415951887855,2987.755466496574,2985.4999548689734,1501.41,0.02242295942301098
1616.0,1501.11,632.5965419066737,2989.1286413856683,2986.872482463315,1501.41,0.02242249362234361
1617.0,1501.13,632.6514886245617,2990.501577750217,2988.2447716455486,1501.41,0.02242175024412063
1618.0,1502.56,632.7064353424497,2991.874275652367,2989.6168224777907,1501.95,0.562420749287412
1619.0,1501.95,632.7613820603377,2993.246735154241,2990.988635022135,1502.04,0.6524209207514104
1620.0,1502.04,632.8163287782257,2994.618956317938,2992.3602093406516,1502.04,0.6524216546365551
1621.0,1502.09,632.8712754961138,2995.9909392055342,2993.731545495388,1501.95,0.5624230409434858
1622.0,1501.22,632.9262222140018,2997.3626838790924,2995.1026435483764,1501.69,0.30242512967333823
1623.0,1501.69,632.9811689318899,2998.7341904006457,2996.473503561622,1501.58,0.19242705082820066
1624.0,1501.46,633.0361156497779,3000.105458832202,2997.844125597102,1501.58,0.19242927441018765
1625.0,1501.58,633.0910623676659,3001.4764892357607,2999.2145097167877,1501.58,0.1924315704216042
1626.0,1501.86,633.1460090855539,3002.84728167329,3000.5846559826177,1501.46,0.07243405886447363
1627.0,1501.03,633.200955803442,3004.2178362067393,3001.954564456512,1501.58,0.19243701974119176
1628.0,1501.34,633.25590252133,3005.588152898038,3003.3242352003713,1501.34,-0.04756037694482984
1629.0,1501.64,633.310849239218,3006.9582318090875,3004.6936682760675,1501.34,-0.04755782119104879
1630.0,1500.83,633.365795957106,3008.328073001779,3006.062863745463,1501.34,-0.04755501299518983
1631.0,1501.36,633.4207426749941,3009.6976765379763,3007.4318216703914,1501.36,-0.027552762354389415
1632.0,1501.23,633.4756893928821,3011.067042479514,3008.800542112659,1501.3,-0.08755053926620349
1633.0,1501.85,633.5306361107702,3012.4361708882175,3010.1690251340624,1501.36,-0.027548473728757017
1634.0,1501.3,633.5855828286582,3013.8050618258844,3011.5372707963697,1501.53,0.1424540542602699
1635.0,1501.78,633.6405295465462,3015.173715354292,3012.905279161329,1501.53,0.14245649470331045
1636.0,1501.53,633.6954762644342,3016.5421315351973,3014.2730502906675,1501.46,0.07245932760292817
1637.0,1501.08,633.7504229823222,3017.910310430334,3015.640584246091,1501.53,0.1424623029618033
1638.0,1501.46,633.8053697002103,3019.2782521014196,3017.0078810892874,1501.46,0.07246497078313041
1639.0,1502.0,633.8603164180984,3020.645956610141,3018.3749408819144,1501.46,0.0724677110695211
1640.0,1501.14,633.9152631359864,3022.0134240181696,3019.741763685614,1501.46,0.07247106382351376
1641.0,1501.96,633.9702098538744,3023.380654387155,3021.108349562008,1501.44,0.05247416904853708
1642.0,1501.26,634.0251565717624,3024.747647778726,3022.4746985726943,1501.44,0.05247784674770628
1643.0,1501.44,634.0801032896504,3026.114404254489,3023.840810779252,1501.65,0.26248139692484074
1644.0,1501.65,634.1350500075384,3027.480923876026,3025.206686243233,1501.45,0.06248499958337561
1645.0,1501.97,634.1899967254265,3028.847206704905,3026.572325026177,1501.57,0.18248886472656523
1646.0,1501.45,634.2449434433145,3030.213252802666,3027.9377271895946,1501.57,0.18249331235892896
1647.0,1501.57,634.2998901612026,3031.579062230832,3029.3028927949795,1501.51,0.12249782248454721
1648.0,1501.33,634.3548368790906,3032.9446350508997,3030.6678219038004,1501.45,0.06250251510800808
1649.0,1501.51,634.4097835969786,3034.3099713243473,3032.032514577505,1501.37,-0.017492849766085783
1650.0,1501.37,634.4647303148666,3035.6750711126338,3033.396970877525,1501.33,-0.057488092132871316
1651.0,1501.28,634.5196770327547,3037.039934477197,3034.761190865268,1501.3,-0.08748335198765744
1652.0,1501.08,634.5746237506427,3038.404561479448,3036.125174602116,1501.3,-0.08747871932587259
1653.0,1501.3,634.6295704685307,3039.768952180781,3037.4889221494354,1501.28,-0.10747439414285509
1654.0,1501.62,634.6845171864188,3041.133106642573,3038.8524335685734,1501.22,-0.1674701564343195
1655.0,1501.22,634.7394639043068,3042.497024926165,3040.215708920843,1501.3,-0.0874656861958556
1656.0,1500.97,634.7944106221948,3043.860707092894,3041.578748267551,1501.42,0.03253861657708512
1657.0,1501.42,634.8493573400829,3045.2241532040653,3042.941551669975,1501.42,0.03254250188865626
1658.0,1501.83,634.9043040579709,3046.5873633209662,3044.3041191893726,1501.42,0.03254641974262995
1659.0,1501.51,634.9592507758589,3047.950337504862,3045.666450886981,1501.51,0.12255078014277387
1660.0,1501.38,635.0141974937469,3049.3130758169996,3047.028546824017,1501.51,0.12255526309400011
1661.0,1501.56,635.0691442116349,3050.6755783186036,3048.3904070616773,1501.51,0.12255973860033009
1662.0,1501.05,635.1240909295229,3052.037845070871,3049.75203166113,1501.56,0.1725643866664086
1663.0,1501.89,635.1790376474111,3053.39987613499,3051.113420683534,1501.6,0.21256869729700156
1664.0,1502.0,635.2339843652991,3054.761671572113,3052.4745741900133,1501.84,0.4525735104962223
1665.0,1501.6,635.2889310831871,3056.1232314433837,3053.835492241683,1501.84,0.45257893626899204
1666.0,1501.84,635.3438778010751,3057.4845558099178,3055.196174899629,1501.72,0.3325845746210234
1667.0,1501.72,635.3988245189631,3058.8456447328126,3056.556622224921,1501.66,0.27259066555734535
1668.0,1501.66,635.4537712368511,3060.206498273141,3057.916834278602,1501.66,0.27259708908445646
1669.0,1501.0,635.5087179547392,3061.567116491961,3059.276811121702,1501.64,0.252603785208521
1670.0,1501.29,635.5636646726273,3062.9274994503066,3060.636552815226,1501.64,0.25261009393648237
1671.0,1501.64,635.6186113905153,3064.287647209186,3061.9960594201534,1501.29,-0.09738369472552222
1672.0,1501.72,635.6735581084033,3065.64755982959,3063.3553309974463,1501.64,0.25262276922921956
1673.0,1500.77,635.7285048262913,3067.0072373724897,3064.714367608047,1501.64,0.252629565806501
1674.0,1502.03,635.7834515441793,3068.3666798988347,3066.0731693128764,1501.49,0.10263574501323092
1675.0,1501.49,635.8383982620674,3069.7258874695526,3067.431736172833,1501.4,0.012642566856129633
1676.0,1501.4,635.8933449799554,3071.0848601455473,3068.790068248793,1501.49,0.10264949134125345
1677.0,1501.36,635.9482916978434,3072.4435979877076,3070.1481656016153,1501.49,0.10265642847593881
1678.0,1501.9,636.0032384157314,3073.802101056897,3071.506028292136,1501.63,0.24266333826722075
1679.0,1501.63,636.0581851336195,3075.160369413962,3072.863656381172,1501.63,0.24267076072169402
1680.0,1501.68,636.1131318515075,3076.5184031197205,3074.221049929512,1501.63,0.24267842584708887
1681.0,1501.1,636.1680785693956,3077.8762022349747,3075.5782089979307,1501.5,0.11268638365072547
1682.0,1501.5,636.2230252872836,3079.2337668205046,3076.935133647179,1501.5,0.11269405414077482
1683.0,1501.23,636.2779720051716,3080.591096937073,3078.2918239379915,1501.5,0.11270183732494843
1684.0,1501.63,636.3329187230596,3081.9481926454155,3079.6482799310743,1501.5,0.11270946321087649
1685.0,1501.63,636.3878654409476,3083.305054006249,3081.0045016871163,1501.6,0.2127173318062887
1686.0,1501.27,636.4428121588357,3084.6616810802757,3082.360489266791,1501.6,0.2127254431190977
1687.0,1501.6,636.4977588767238,3086.018073928166,3083.7162427307394,1501.27,-0.11726656284258752
1688.0,1500.98,636.5527055946118,3087.374232610574,3085.0717621395884,1501.12,-0.2672583560711246
1689.0,1501.12,636.6076523124998,3088.730157188135,3086.427047553944,1501.12,-0.2672505565578831
1690.0,1501.09,636.6625990303878,3090.08584772146,3087.782099034389,1501.12,-0.26724302429511226
1691.0,1501.34,636.7175457482758,3091.4413042711453,3089.1369166414897,1501.34,-0.04723578927541894
1692.0,1501.38,636.7724924661638,3092.796526897757,3090.4915004357854,1501.38,-0.007228601491078734
1693.0,1501.48,636.8274391840519,3094.151515661849,3091.845850477801,1501.38,-0.0072214209355934145
1694.0,1501.38,636.8823859019399,3095.5062706239464,3093.1999668280328,1501.38,-0.007214147601644072
1695.0,1501.09,636.937332619828,3096.860791844565,3094.5538495469677,1501.48,0.09279311851810235
1696.0,1501.7,636.992279337716,3098.2150793841815,3095.907498695055,1501.38,-0.007199912568921718
1697.0,1501.62,637.047226055604,3099.5691333032705,3097.2609143327395,1501.62,0.23280736914375666
1698.0,1501.07,637.102172773492,3100.9229536622724,3098.614096520434,1501.62,0.23281488366410485
1699.0,1501.89,637.1571194913801,3102.2765405216155,3099.967045318538,1501.34,-0.04717791900066004
1700.0,1501.34,637.2120662092681,3103.6298939417034,3101.319760787427,1501.22,-0.16717021884323913
1701.0,1501.02,637.2670129271561,3104.9830139829173,3102.672242987453,1501.34,-0.04716256585629708
1702.0,1501.22,637.3219596450442,3106.3359007056233,3104.0244919789543,1501.22,-0.16715528003192048
1703.0,1501.48,637.3769063629322,3107.68855417016,3105.376507822241,1501.22,-0.16714816136277477
1704.0,1500.89,637.4318530808202,3109.040974436845,3106.7282905776015,1501.29,-0.097140949841787
1705.0,1501.3,637.4867997987083,3110.3931615659844,3108.079840305315,1501.29,-0.09713423546168087
1706.0,1501.29,637.5417465165963,3111.7451156178513,3109.4311570656246,1501.29,-0.09712760821571464
1707.0,1501.15,637.5966932344843,3113.0968366527095,3110.782240918766,1501.3,-0.08712107809719782
1708.0,1501.64,637.6516399523723,3114.448324730793,3112.133091924946,1501.29,-0.09711478509962035
1709.0,1501.51,637.7065866702603,3115.799579912321,3113.483710144354,1501.15,-0.2371082392169228
1710.0,1500.98,637.7615333881483,3117.150602257486,3114.8340956371544,1501.51,0.12289842955738095
1711.0,1500.85,637.8164801060365,3118.50139182647,3116.1842484635017,1500.98,-0.4070953087698399
1712.0,1502.01,637.8714268239245,3119.85194867942,3117.534168683514,1500.98,-0.40708958419236296
1713.0,1500.8,637.9263735418125,3121.202272876472,3118.8838563572986,1501.35,-0.03708323670457503
1714.0,1501.35,637.9813202597005,3122.552364477739,3120.233311544941,1501.35,-0.03707747629982805
1715.0,1501.5,638.0362669775885,3123.9022235433163,3121.582534306507,1501.35,-0.03707175297267895
1716.0,1500.66,638.0912136954765,3125.251850133273,3122.931524702038,1501.35,-0.03706591671721071
1717.0,1501.5,638.1461604133646,3126.60124430766,3124.2802827915575,1501.45,0.0629391924724132
1718.0,1500.92,638.2011071312527,3127.950406126511,3125.628808635069,1501.27,-0.1170555853989299
1719.0,1501.45,638.2560538491407,3129.299335649831,3126.977102292551,1501.27,-0.11705083032552466
1720.0,1501.27,638.3110005670287,3130.6480329376122,3128.3251638239662,1501.27,-0.11704601230303524
1721.0,1500.64,638.3659472849167,3131.9964980498185,3129.6729932892513,1501.44,0.05295868867347053
1722.0,1501.67,638.4208940028047,3133.344731046403,3131.02059074833,1501.37,-0.01703735739147305
1723.0,1501.44,638.4758407206928,3134.6927319872907,3132.3679562610996,1501.44,0.052966879506357145
1724.0,1501.37,638.5307874385808,3136.0405009323867,3133.7150898874374,1501.53,0.14297116937109422
1725.0,1501.6,638.5857341564688,3137.3880379415777,3135.061991687201,1501.44,0.052975442207070955
1726.0,1501.53,638.6406808743568,3138.7353430747294,3136.4086617202283,1501.43,0.04297992801843975
1727.0,1501.43,638.6956275922449,3140.082416391689,3137.7551000463386,1501.53,0.14298455680977895
1728.0,1500.9,638.750574310133,3141.429257952277,3139.101306725324,1501.43,0.042989228585838646
1729.0,1501.75,638.805521028021,3142.7758678162954,3140.4472818169575,1501.14,-0.24700658664892217
1730.0,1501.14,638.860467745909,3144.1222460435292,3141.793025380997,1501.14,-0.2470020388902867
1731.0,1501.14,638.915414463797,3145.46839269374,3143.1385374771758,1501.18,-0.206997738133623
1732.0,1501.27,638.970361181685,3146.8143078266717,3144.483818165209,1501.17,-0.2169936843747564
1733.0,1501.18,639.025307899573,3148.159991502044,3145.8288675047884,1501.18,-0.2069897476094411
1734.0,1501.17,639.0802546174612,3149.5054437795593,3147.173685555589,1501.27,-0.11698601783382401
1735.0,1501.48,639.1352013353492,3150.850664718893,3148.5182723772573,1501.48,0.09301749495580225
1736.0,1501.79,639.1901480532372,3152.195654379708,3149.862628029428,1501.48,0.09302110076305325
1737.0,1502.44,639.2450947711252,3153.5404128216423,3151.2067525717116,1501.79,0.4030251095912263
1738.0,1501.21,639.3000414890132,3154.884940104316,3152.5506460636993,1501.79,0.40303017144469777
1739.0,1501.95,639.3549882069012,3156.229236287325,3153.89430856496,1501.76,0.3730350563284901
1740.0,1501.76,639.4099349247892,3157.5733014302473,3155.2377401350423,1501.27,-0.11695949575278064
1741.0,1501.27,639.4648816426773,3158.917135592644,3156.58094083348,1501.27,-0.11695367479342167
1742.0,1500.83,639.5198283605653,3160.2607388340466,3157.9239107197764,1501.27,-0.11694797078780539
1743.0,1501.0,639.5747750784534,3161.6041112139756,3159.266649853424,1501.27,-0.11694282373014175
1744.0,1501.42,639.6297217963414,3162.9472527919233,3160.609158293887,1501.42,0.03306193638491095
1745.0,1501.42,639.6846685142294,3164.290163627365,3161.9514361006127,1501.42,0.033066729561824104
1746.0,1501.92,639.7396152321174,3165.632843779758,3163.2934833330305,1501.42,0.033071555805463504
1747.0,1501.22,639.7945619500055,3166.9752933085333,3164.635300050543,1501.42,0.033076915120773265
1748.0,1501.35,639.8495086678935,3168.317512273109,3165.9768863125405,1501.82,0.4330821075129734
1749.0,1501.82,639.9044553857816,3169.6595007328783,3167.3182421783886,1501.82,0.43308726298732836
1750.0,1502.14,639.9594021036696,3171.0012587472106,3168.659367707428,1501.86,0.4730928515489268
1751.0,1502.05,640.0143488215576,3172.342786375462,3170.000262958987,1501.86,0.47309919320332483
1752.0,1501.86,640.0692955394456,3173.684083676964,3171.3409279923694,1501.86,0.4731061979571223
1753.0,1501.41,640.1242422573337,3175.025150711026,3172.681362866857,1501.68,0.2931136758170396
1754.0,1501.68,640.1791889752217,3176.3659875369444,3174.0215676417174,1501.68,0.29312117679046423
1755.0,1501.45,640.2341356931097,3177.7065942139875,3175.3615423761917,1501.68,0.2931289708849363
1756.0,1501.71,640.2890824109977,3179.0469708014093,3176.701287129505,1501.68,0.29313682810834507
1757.0,1501.72,640.3440291288857,3180.3871173584375,3178.040801960858,1501.65,0.26314500846865485
1758.0,1501.65,640.3989758467739,3181.7270339442844,3179.380086929435,1501.65,0.2631535219741181
1759.0,1500.69,640.4539225646619,3183.0667206181392,3180.719142094397,1501.15,-0.23683770136699422
1760.0,1501.02,640.5088692825499,3184.406177439169,3182.057967514883,1501.15,-0.23682962154566667
1761.0,1501.15,640.5638160004379,3185.745404466528,3183.3965632500194,1501.15,-0.23682190855379304
1762.0,1501.44,640.6187627183259,3187.0844017593413,3184.7349293589045,1501.27,-0.1168144323839897
1763.0,1501.27,640.6737094362139,3188.42316937672,3186.0730659006203,1501.27,-0.11680690302841867
1764.0,1501.54,640.7286561541019,3189.7617073777515,3187.4109729342263,1501.44,0.05320050952013844
1765.0,1500.85,640.7836028719901,3191.1000158215093,3188.748650518769,1501.54,0.153208075269049
1766.0,1501.64,640.8385495898781,3192.438094767032,3190.0860987132587,1501.54,0.15321510422631945
1767.0,1501.81,640.8934963077661,3193.7759442733527,3191.4233175767004,1501.28,-0.1067776136012526
1768.0,1501.28,640.9484430256541,3195.1135643994785,3192.760307168074,1501.63,0.24323009179374822
1769.0,1501.21,641.0033897435421,3196.450955204398,3194.09706754634,1501.36,-0.02676230958149972
1770.0,1501.63,641.0583364614301,3197.788116747074,3195.4335987704335,1501.36,-0.026754887718880127
1771.0,1501.36,641.1132831793182,3199.1250490864604,3196.7699008992804,1501.36,-0.026747222611220423
1772.0,1501.67,641.1682298972062,3200.4617522814756,3198.1059739917714,1501.36,-0.02673958425066303
1773.0,1500.58,641.2231766150942,3201.798226391034,3199.441818106793,1501.36,-0.026731662629799757
1774.0,1501.16,641.2781233329823,3203.134471474018,3200.7774333032003,1501.37,-0.01672454774052312
1775.0,1501.4,641.3330700508703,3204.4704875892935,3202.112819639831,1501.16,-0.22671765957557
1776.0,1501.37,641.3880167687583,3205.8062747957047,3203.447977175502,1501.37,-0.016710758128738235
1777.0,1501.03,641.4429634866464,3207.14183315208,3204.782905969013,1501.37,-0.016703873392316382
1778.0,1501.79,641.4979102045344,3208.4771627172267,3206.117606079145,1501.32,-0.06669734535967109
1779.0,1501.32,641.5528569224224,3209.8122635499262,3207.4520775646506,1501.15,-0.23669041402422408
1780.0,1500.91,641.6078036403104,3211.147135708944,3208.786320484268,1501.32,-0.0666835493796043
1781.0,1501.15,641.6627503581985,3212.481779253033,3210.1203348967224,1501.32,-0.06667716141851088
1782.0,1501.75,641.7176970760866,3213.8161942409074,3211.4541208607,1501.15,-0.23667101013461433
1783.0,1502.29,641.7726437939746,3215.1503807312765,3212.787678434883,1501.61,0.2233355044779728
1784.0,1500.67,641.8275905118626,3216.484338782826,3214.1210076779294,1501.61,0.22334292242635456
1785.0,1501.61,641.8825372297506,3217.818068454222,3215.4541086484774,1501.03,-0.3566503762822322
1786.0,1500.73,641.9374839476386,3219.1515698041053,3216.7869814051396,1501.03,-0.35664345164127553
1787.0,1501.03,641.9924306655266,3220.4848428911046,3218.119626006518,1501.1,-0.2866371836437338
1788.0,1501.51,642.0473773834146,3221.817887773821,3219.4520425111855,1501.1,-0.28663127228332996
1789.0,1501.1,642.1023241013027,3223.150704510841,3220.7842309777016,1501.17,-0.21662523755389884
1790.0,1501.83,642.1572708191908,3224.4832931607325,3222.116191464606,1501.17,-0.21661948944984033
1791.0,1501.17,642.2122175370788,3225.815653782032,3223.447924030407,1501.17,-0.21661329796529571
1792.0,1500.95,642.2671642549668,3227.147786433267,3224.779428733606,1501.17,-0.21660732309419473
1793.0,1501.95,642.3221109728548,3228.4796911729427,3226.11070563268,1501.17,-0.21660178483034542
1794.0,1500.86,642.3770576907428,3229.8113680595457,3227.441754786088,1501.76,0.3734043168315111
1795.0,1501.76,642.4320044086309,3231.142817151536,3228.772576252262,1501.76,0.37340989189783613
1796.0,1501.83,642.4869511265189,3232.4740385073587,3230.10317008962,1501.76,0.37341584037403663
1797.0,1501.57,642.541897844407,3233.805032185444,3231.4335363565647,1501.78,0.39342223226594797
1798.0,1501.78,642.596844562295,3235.135798244188,3232.763675111465,1501.78,0.3934288075802215
1799.0,1502.1,642.651791280183,3236.466336741979,3234.0935864126805,1501.57,0.18343577632322194
1800.0,1501.54,642.706737998071,3237.79664773718,3235.4232703185476,1501.54,0.1534434585018971
1801.0,1501.27,642.7616847159591,3239.126731288135,3236.752726887383,1501.54,0.15345129412389724
1802.0,1501.3,642.8166314338471,3240.4565874531722,3238.0819561774865,1501.3,-0.08654098680267452
1803.0,1501.73,642.8715781517351,3241.7862162905926,3239.4109582471324,1501.3,-0.08653335427015918
1804.0,1501.15,642.9265248696231,3243.1156178586834,3240.7397331545803,1501.6,0.2134746217288921
1805.0,1501.73,642.9814715875111,3244.4447922157055,3242.0682809580635,1501.6,0.21348236120252295
1806.0,1501.6,643.0364183053993,3245.7737394199103,3243.3966017158054,1501.18,-0.20650955584119401
1807.0,1501.18,643.0913650232873,3247.1024595295157,3244.7246954859975,1501.18,-0.2065012593945994
1808.0,1500.74,643.1463117411753,3248.4309526027278,3246.052562326818,1501.1,-0.28649316944961356
1809.0,1500.8,643.2012584590633,3249.7592186977336,3247.3802022964264,1501.1,-0.2864857259976361
1810.0,1501.1,643.2562051769513,3251.0872578726985,3248.7076154529605,1501.1,-0.28647886903127073
1811.0,1501.34,643.3111518948393,3252.415070185766,3250.034801854537,1501.34,-0.04647229854390389
1812.0,1501.37,643.3660986127273,3253.7426556950627,3251.3617615592543,1501.37,-0.016465774528796828
1813.0,1501.69,643.4210453306155,3255.0700144586995,3252.688494625196,1501.38,-0.006459266979163658
1814.0,1501.96,643.4759920485035,3256.3971465347527,3254.0150011104124,1501.62,0.23354754411070644
1815.0,1501.38,643.5309387663915,3257.7240519812917,3255.3412810729437,1501.62,0.23355492874839
1816.0,1501.62,643.5858854842795,3259.0507308563633,3256.6673345708105,1501.41,0.023562306941130373
1817.0,1501.34,643.6408322021675,3260.3771832179955,3257.993161662013,1501.38,-0.0064300813041882066
1818.0,1501.41,643.6957789200555,3261.7034091241917,3259.3187624045268,1501.41,0.02357748402027937
1819.0,1500.97,643.7507256379436,3263.0294086329386,3260.6441368563123,1501.37,-0.016414927077903485
1820.0,1501.73,643.8056723558316,3264.3551818022065,3261.9692850753117,1501.41,0.023592245409417956
1821.0,1501.37,643.8606190737196,3265.6807286899398,3263.2942071194425,1501.45,0.06359976148860369
1822.0,1501.49,643.9155657916077,3267.0060493540677,3264.6189030466066,1501.49,0.10360726116778096
1823.0,1501.45,643.9705125094957,3268.3311438524966,3265.9433729146826,1501.45,0.06361486445416631
1824.0,1501.63,644.0254592273837,3269.65601224311,3267.267616781527,1501.46,0.07362253135556784
1825.0,1500.88,644.0804059452718,3270.9806545837837,3268.591634704989,1501.46,0.07363044187945889
1826.0,1501.46,644.1353526631598,3272.3050709323584,3269.9154267428808,1501.63,0.24363784603383465
1827.0,1501.9,644.1902993810478,3273.629261346669,3271.2389929530104,1501.46,0.07364532382598554
1828.0,1501.65,644.2452460989358,3274.9532258845215,3272.5623333931576,1501.46,0.07365331526352747
1829.0,1501.37,644.3001928168239,3276.2769646037077,3273.8854481210856,1501.5,0.11366157035422475
1830.0,1501.18,644.355139534712,3277.6004775619904,3275.2083371945305,1501.5,0.11366980910656821
1831.0,1501.5,644.4100862526,3278.9237648171234,3276.531000671219,1501.47,0.08367784152892455
1832.0,1501.74,644.465032970488,3280.246826426838,3277.8534386088554,1501.47,0.08368598762899637
1833.0,1501.47,644.519979688376,3281.5696624488405,3279.175651065118,1501.5,0.11369448741493215
1834.0,1500.9,644.574926406264,3282.892272940827,3280.497638097676,1501.47,0.08370307089558082
1835.0,1501.73,644.629873124152,3284.2146579604623,3281.819399764168,1501.39,0.003711168079462368
1836.0,1501.39,644.68481984204,3285.536817565402,3283.1409361222213,1501.39,0.0037196089742792537
1837.0,1500.87,644.7397665599281,3286.858751813278,3284.462247229441,1501.63,0.24372805358893856
1838.0,1501.69,644.7947132778162,3288.1804607617028,3285.7833331434117,1501.39,0.0037359819316407084
1839.0,1501.63,644.8496599957042,3289.501944468262,3287.1041939216934,1501.07,-0.3162557859898243
1840.0,1500.93,644.9046067135922,3290.823202990534,3288.424829621836,1501.48,0.09375268983330898
1841.0,1501.07,644.9595534314802,3292.1442363860724,3289.7452403013667,1501.37,-0.016239290591101962
1842.0,1501.48,645.0145001493682,3293.4650447124072,3291.0654260177885,1501.25,-0.1362315872547697
1843.0,1501.37,645.0694468672563,3294.785628027055,3292.3853868285896,1501.37,-0.016223790150206696
1844.0,1501.25,645.1243935851443,3296.1059863875093,3293.7051227912384,1501.37,-0.01621600926910105
1845.0,1501.83,645.1793403030324,3297.426119851247,3295.0246339631835,1501.35,-0.03620836460413557
1846.0,1501.35,645.2342870209204,3298.7460284757194,3296.3439204018487,1501.35,-0.036200276147610566
1847.0,1501.03,645.2892337388084,3300.0657123183623,3297.6629821646434,1501.35,-0.03619222389124843
1848.0,1501.76,645.3441804566964,3301.385171436595,3298.98181930896,1501.35,-0.03618452782711756
1849.0,1501.09,645.3991271745845,3302.704405887811,3300.3004318921644,1501.46,0.07382354205265074
1850.0,1502.21,645.4540738924725,3304.0234157293858,3301.6188199716057,1501.59,0.2038313157556786
1851.0,1501.46,645.5090206103605,3305.342201018681,3302.936983604618,1501.46,0.07383991329015771
1852.0,1501.59,645.5639673282485,3306.6607618130333,3304.254922848511,1501.46,0.07384858466434707
1853.0,1500.91,645.6189140461365,3307.9790981697597,3305.5726377605747,1500.91,-0.4761425401127326
1854.0,1500.51,645.6738607640247,3309.297210146163,3306.8901283980845,1500.91,-0.4761341410323894
1855.0,1500.9,645.7288074819127,3310.6150977995144,3308.207394818286,1500.91,-0.4761266180862549
1856.0,1501.86,645.7837541998007,3311.93276118708,3309.5244370784167,1501.01,-0.37611958126672107
1857.0,1501.82,645.8387009176887,3313.2502003660966,3310.841255235687,1501.01,-0.37611207056670537
1858.0,1501.01,645.8936476355767,3314.567415393789,3312.1578493472953,1501.01,-0.37610412597859977
1859.0,1500.81,645.9485943534647,3315.8844063273546,3313.474219470411,1501.01,-0.3760965574945203
1860.0,1500.91,646.0035410713527,3317.2011732239766,3314.790365662191,1500.91,-0.476089565106804
1861.0,1501.52,646.0584877892409,3318.517716140823,3316.1062879797764,1500.91,-0.4760830488089596
1862.0,1500.89,646.1134345071289,3319.8340351350266,3317.421986480273,1501.3,-0.08607639859405936
1863.0,1501.33,646.1683812250169,3321.150130263719,3318.737461220785,1501.33,-0.05607024445544084
1864.0,1501.3,646.2233279429049,3322.4660015839977,3320.0527122583835,1501.33,-0.05606414638714341
1865.0,1501.49,646.2782746607929,3323.7816491529534,3321.367739650132,1501.33,-0.05605813438296536
1866.0,1501.63,646.333221378681,3325.097073027649,3322.682543453067,1501.3,-0.08605201843693067
1867.0,1501.18,646.388168096569,3326.4122732651313,3323.9971237242075,1501.18,-0.2060456585427346
1868.0,1500.31,646.443114814457,3327.727249922425,3325.3114805205523,1501.18,-0.20603950469444499
1869.0,1501.17,646.4980615323451,3329.042003056542,3326.6256138990857,1501.18,-0.20603442688548057
1870.0,1501.21,646.5530082502331,3330.3565327244632,3327.9395239167625,1501.17,-0.2160295651110573
1871.0,1501.31,646.6079549681211,3331.6708389831592,3329.2532106305257,1501.21,-0.17602487936619582
1872.0,1501.12,646.6629016860091,3332.984921889581,3330.5666740972997,1501.31,-0.07602026964650577
1873.0,1501.65,646.7178484038972,3334.298781500656,3331.879914373985,1501.65,0.26398407405326907
1874.0,1501.75,646.7727951217852,3335.6124178732975,3333.1929315174684,1501.65,0.2639886817369188
1875.0,1501.78,646.8277418396732,3336.9258310643922,3334.505725584609,1501.65,0.26399365340944314
1876.0,1501.55,646.8826885575613,3338.2390211308198,3335.8182966322606,1501.55,0.1639990190753906
1877.0,1500.74,646.9376352754493,3339.5519881294217,3337.130644717238,1500.88,-0.5059954512594231
1878.0,1500.46,646.9925819933374,3340.8647321170392,3338.4427698963545,1500.79,-0.595990567589979
1879.0,1500.88,647.0475287112254,3342.17725315048,3339.7546722263914,1500.79,-0.5959866099110513
1880.0,1500.79,647.1024754291134,3343.489551286543,3341.0663517641215,1500.88,-0.5059831582184415
1881.0,1501.35,647.1574221470014,3344.801626582001,3342.3778085662907,1501.16,-0.2259803025092424
1882.0,1501.16,647.2123688648894,3346.113479093611,3343.689042689629,1501.23,-0.15597748278037216
1883.0,1501.77,647.2673155827774,3347.4251088781107,3345.0000541908466,1501.35,-0.0359748890289211
1884.0,1501.23,647.3222623006654,3348.7365159922147,3346.3108431266323,1501.4,0.014028088747863876
1885.0,1501.69,647.3772090185536,3350.047700492625,3347.6214095536616,1501.69,0.3040309105524557
1886.0,1501.4,647.4321557364416,3351.3586624360146,3348.93175352858,1501.4,0.014034036388011373
1887.0,1501.85,647.4871024543296,3352.669401879046,3350.241875108024,1501.4,0.014037176257488682
1888.0,1501.33,647.5420491722176,3353.9799188783604,3351.5517743486075,1501.33,-0.055959219836040575
1889.0,1500.87,647.5969958901056,3355.2902134905794,3352.8614513069256,1501.33,-0.055955671888341385
1890.0,1500.97,647.6519426079936,3356.600285772302,3354.170906039551,1500.97,-0.41595263989620435
1891.0,1501.74,647.7068893258817,3357.9101357801133,3355.4801386030413,1500.97,-0.41595002385679436
1892.0,1500.78,647.7618360437698,3359.219763570578,3356.7891490539355,1501.51,0.12405294623249574
1893.0,1501.51,647.8167827616578,3360.529169200235,3358.0979374487456,1501.58,0.19405531037477886
1894.0,1501.58,647.8717294795458,3361.838352725615,3359.406503843975,1501.51,0.12405779857272137
1895.0,1501.93,647.9266761974338,3363.1473142032196,3360.714848296099,1501.51,0.12406048082834786
1896.0,1500.7,647.9816229153219,3364.4560536895387,3362.022970861581,1501.28,-0.10593629285540374
1897.0,1501.28,648.0365696332099,3365.7645712410385,3363.3308715968606,1501.28,-0.10593375247549375
1898.0,1500.83,648.0915163510979,3367.072866914168,3364.6385505583603,1501.28,-0.1059313180294339
1899.0,1501.48,648.1464630689859,3368.3809407653575,3365.9460078024836,1501.48,0.09407056048530649
1900.0,1501.66,648.2014097868739,3369.6887928510155,3367.253243385612,1501.48,0.09407253307063002
1901.0,1501.55,648.256356504762,3370.9964232275356,3368.5602573641136,1501.55,0.16407477972848028
1902.0,1501.47,648.31130322265,3372.303831951286,3369.8670497943294,1501.66,0.2740771904614121
1903.0,1501.8,648.3662499405381,3373.611019078621,3371.173620732587,1501.71,0.32407968527127196
1904.0,1502.03,648.4211966584261,3374.9179846658762,3372.4799702351957,1501.71,0.32408259416092733
1905.0,1501.71,648.4761433763141,3376.2247287693626,3373.7860983584396,1501.71,0.32408614713313
1906.0,1501.37,648.5310900942021,3377.531251445381,3375.092005158593,1501.71,0.32409002419149147
1907.0,1501.32,648.5860368120901,3378.8375527502003,3376.397690691899,1501.37,-0.015906114660310777
1908.0,1501.71,648.6409835299783,3380.1436327400875,3377.703155014597,1501.37,-0.015902319418046318
1909.0,1501.19,648.6959302478663,3381.4494914712727,3379.0083981828916,1501.37,-0.015898200078027003
1910.0,1501.49,648.7508769657543,3382.755128999979,3380.313420252979,1501.49,0.10410572336400037
1911.0,1501.37,648.8058236836423,3384.0605453824055,3381.6182212810313,1501.49,0.10410975091144792
1912.0,1501.61,648.8607704015303,3385.3657406747343,3382.922801323205,1501.61,0.22411376256854965
1913.0,1501.63,648.9157171194183,3386.6707149331273,3384.227160435635,1501.61,0.22411799833957957
1914.0,1501.75,648.9706638373063,3387.9754682137273,3385.5312986744375,1501.61,0.22412247822853715
1915.0,1500.51,649.0256105551944,3389.280000572659,3386.835216095711,1501.3,-0.08587267775988039
1916.0,1500.92,649.0805572730824,3390.584312066027,3388.138912755534,1501.3,-0.08586870962108151
1917.0,1501.3,649.1355039909705,3391.88840274992,3389.442388709968,1500.92,-0.46586520735104386
1918.0,1501.58,649.1904507088585,3393.192272680399,3390.7456440150486,1501.3,-0.08586179094641011
1919.0,1500.85,649.2453974267465,3394.4959219135185,3392.0486787268023,1501.58,0.19414181959632515
1920.0,1501.61,649.3003441446346,3395.7993505053028,3393.3514929012285,1501.61,0.22414489428092566
1921.0,1502.0,649.3552908625226,3397.1025585117663,3394.654086594315,1501.61,0.2241481931105227
1922.0,1501.72,649.4102375804106,3398.405545988899,3395.956459862024,1501.61,0.22415210608824054
1923.0,1501.53,649.4651842982986,3399.7083129926727,3397.2586127603026,1501.63,0.24415635321838636
1924.0,1501.17,649.5201310161867,3401.010859579042,3398.5605453450785,1501.61,0.22416074450461565
1925.0,1501.63,649.5750777340747,3402.313185803939,3399.862257672257,1501.55,0.16416491995164506
1926.0,1501.61,649.6300244519628,3403.615291723281,3401.1637497977295,1501.55,0.1641693395636139
1927.0,1501.55,649.6849711698508,3404.917177392962,3402.4650217773633,1501.55,0.16417398334488098
1928.0,1501.27,649.7399178877388,3406.218842868865,3403.766073667015,1501.52,0.13417879130020083
1929.0,1501.52,649.7948646056268,3407.5202882068447,3405.066905522514,1501.52,0.13418348343429898
1930.0,1500.95,649.8498113235148,3408.8215134627408,3406.367517399672,1501.52,0.13418830975183482
1931.0,1501.6,649.9047580414028,3410.122518692376,3407.667909354287,1501.52,0.13419270025769947
1932.0,1501.56,649.9597047592908,3411.4233039515525,3408.968081442134,1501.56,0.17419730495612384
1933.0,1500.81,650.014651477179,3412.7238692960564,3410.268033718973,1501.56,0.17420208385192382
1934.0,1501.93,650.069598195067,3414.024214781646,3411.567766240536,1501.48,0.09420628694988409
1935.0,1501.39,650.124544912955,3415.32434046407,3412.867279062545,1501.39,0.004211034254240076
1936.0,1501.48,650.179491630843,3416.6242463990543,3414.166572240701,1501.39,0.004215785769474678
1937.0,1501.05,650.234438348731,3417.923932642307,3415.4656458306845,1501.32,-0.06577936849953403
1938.0,1501.32,650.289385066619,3419.2233992495203,3416.7644998881615,1501.32,-0.06577485854768383
1939.0,1501.24,650.3443317845071,3420.5226462763603,3418.063134468772,1501.24,-0.14577041437064509
1940.0,1501.52,650.3992785023952,3421.8216737784824,3419.3615496281463,1501.24,-0.14576611596430666
1941.0,1501.24,650.4542252202832,3423.1204818115134,3420.6597454218836,1501.24,-0.14576168332382622
1942.0,1501.24,650.5091719381712,3424.4190704310704,3421.957721905575,1501.24,-0.14575739644510577
1943.0,1500.67,650.5641186560592,3425.717439692751,3423.2554791347925,1501.24,-0.14575325532382521
1944.0,1501.99,650.6190653739473,3427.0155896521283,3424.553017165082,1501.28,-0.10574982995581195
1945.0,1501.28,650.6740120918353,3428.31352036476,3425.8503360519762,1501.28,-0.10574580033767234
1946.0,1501.79,650.7289588097233,3429.611231886185,3427.147435850987,1501.75,0.36425812353468245
1947.0,1500.62,650.7839055276113,3430.9087242719243,3428.4443166176097,1501.4,0.014262451665217668
1948.0,1501.75,650.8388522454993,3432.205997577478,3429.740978407318,1501.61,0.22426601405800284
1949.0,1501.4,650.8937989633874,3433.5030518583326,3431.0374212755723,1501.4,0.014269940717213103
1950.0,1501.61,650.9487456812755,3434.799887169946,3432.3336452778044,1501.4,0.014273881646204245
1951.0,1501.11,651.0036923991635,3436.096503567766,3433.6296504694355,1501.4,0.014278046849085513
1952.0,1501.0,651.0586391170515,3437.3929011072173,3434.925436905865,1501.3,-0.08571806367012869
1953.0,1501.43,651.1135858349395,3438.6890798437084,3436.221004642475,1501.3,-0.08571455990727372
1954.0,1501.3,651.1685325528275,3439.98503983263,3437.516353734629,1501.3,-0.08571101185907537
1955.0,1501.6,651.2234792707155,3441.2807811293515,3438.811484237672,1501.43,0.044292450478224055
1956.0,1501.26,651.2784259886037,3442.576303789226,3440.10639620693,1501.32,-0.06570387289229984
1957.0,1501.44,651.3333727064917,3443.8716078675807,3441.4010896977047,1501.32,-0.06570032196668762
1958.0,1501.32,651.3883194243797,3445.1666934197333,3442.695564765287,1501.32,-0.06569671674151323
1959.0,1501.1,651.4432661422677,3446.461560500981,3443.9898214649484,1501.38,-0.005693177212833689
1960.0,1501.38,651.4982128601557,3447.7562091665973,3445.2838598519365,1501.35,-0.03568992337773125
1961.0,1502.06,651.5531595780437,3449.050639471841,3446.577679981484,1501.35,-0.03568667523222757
1962.0,1501.35,651.6081062959317,3450.3448514719557,3447.871281908808,1501.37,-0.015682752773500397
1963.0,1500.73,651.6630530138198,3451.6388452221577,3449.1646656891,1501.37,-0.015678865997415414
1964.0,1501.37,651.7179997317078,3452.9326207776508,3450.457831377536,1501.37,-0.015675634900389923
1965.0,1501.8,651.7729464495959,3454.2261781936227,3451.750779029279,1501.37,-0.015672419478960364
1966.0,1501.41,651.8278931674839,3455.5195175252306,3453.04350869946,1501.41,0.02433121027024754
1967.0,1500.72,651.8828398853719,3456.812638827627,3454.3360204432047,1501.41,0.024334864350294083
1968.0,1501.7,651.93778660326,3458.1055421559354,3455.628314315612,1501.08,-0.3056621472351253
1969.0,1500.91,651.992733321148,3459.3982275652693,3456.920390371768,1501.08,-0.30565884448242286
1970.0,1501.08,652.047680039036,3460.690695110719,3458.212248666738,1501.25,-0.13565601738855548
1971.0,1501.25,652.102626756924,3461.9829448473547,3459.503889255566,1501.25,-0.13565349595091902
1972.0,1501.64,652.1575734748121,3463.274976830233,3460.7953121932824,1501.25,-0.13565111016691844
1973.0,1501.33,652.2125201927001,3464.566791114385,3462.0865175348927,1501.25,-0.1356484700340843
1974.0,1501.02,652.2674669105882,3465.858387754828,3463.377505335388,1501.33,-0.05564588554966576
1975.0,1501.16,652.3224136284762,3467.1497668065617,3464.668275649742,1501.33,-0.0556436667111484
1976.0,1501.53,652.3773603463642,3468.4409283245636,3465.9588285329064,1501.34,-0.04564167351645665
1977.0,1501.34,652.4323070642522,3469.731872363798,3467.2491640398202,1501.34,-0.04563953596357351
1978.0,1502.04,652.4872537821402,3471.0225989792043,3468.5392822253957,1501.42,0.034362555949883244
1979.0,1500.47,652.5422005000282,3472.3131082257073,3469.8291831445326,1501.42,0.03436530222575129
1980.0,1501.42,652.5971472179162,3473.6034001582116,3471.1188668521095,1501.57,0.1843671328667824
1981.0,1501.66,652.6520939358044,3474.8934748316083,3472.408333402992,1501.42,0.03436899787539005
1982.0,1501.57,652.7070406536924,3476.183332300762,3473.6975828520176,1501.42,0.034371137252719564
1983.0,1500.77,652.7619873715804,3477.47297262052,3474.9866152540094,1501.57,0.18437346100108698
1984.0,1500.61,652.8169340894684,3478.76239584572,3476.2754306637785,1501.57,0.18437516912308638
1985.0,1501.77,652.8718808073564,3480.05160203117,3477.5640291361065,1501.27,-0.1156238983799085
1986.0,1501.84,652.9268275252444,3481.340591231668,3478.852410725766,1501.37,-0.015622581506931965
1987.0,1501.27,652.9817742431325,3482.6293635019897,3480.1405754875072,1501.37,-0.015620810256450568
1988.0,1501.37,653.0367209610206,3483.9179188968924,3481.4285234760614,1501.37,-0.015619154626847376
1989.0,1500.98,653.0916676789086,3485.206257471114,3482.7162547461403,1501.27,-0.11561751461613312
1990.0,1501.48,653.1466143967966,3486.4943792793756,3484.0037693524396,1501.37,-0.01561628022318473
1991.0,1501.18,653.2015611146846,3487.7822843763806,3485.291067349637,1501.41,0.024385048553767774
1992.0,1501.41,653.2565078325727,3489.0699728168147,3486.5781487923923,1501.41,0.024386171715377714
1993.0,1501.44,653.3114545504607,3490.3574446553384,3487.86501373534,1501.18,-0.20561268073697647
1994.0,1501.16,653.3664012683487,3491.6446999466048,3489.151662233108,1501.41,0.024388521198261515
1995.0,1501.12,653.4213479862367,3492.93173874524,3490.438094340296,1501.44,0.05438949752192457
1996.0,1501.99,653.4762947041248,3494.218561105858,3491.7243101114927,1501.56,0.17439020823485407
1997.0,1501.56,653.5312414220128,3495.505167083043,3493.0103096012563,1501.56,0.17439152333804486
1998.0,1501.79,653.5861881399009,3496.7915567313767,3494.296092864143,1501.56,0.17439301283297937
1999.0,1501.45,653.6411348577889,3498.0777301054095,3495.581659954677,1501.45,0.06439490672096326
2000.0,1500.73,653.6960815756769,3499.363687259681,3496.8670109273726,1501.39,0.004396865003855055
2001.0,1500.5,653.7510282935649,3500.649428248709,3498.1521458367224,1501.39,0.00439816768334822
2002.0,1501.39,653.8059750114529,3501.9349531269945,3499.437064737201,1501.17,-0.2156014152390071
2003.0,1501.44,653.860921729341,3503.2202619490226,3500.721767683268,1501.29,-0.09560099376290054
2004.0,1501.17,653.9158684472291,3504.505354769249,3502.0062547293533,1501.3,-0.08560051788776946
2005.0,1501.29,653.9708151651171,3505.790231642127,3503.2905259298846,1501.29,-0.09560025761311408
2006.0,1501.3,654.0257618830051,3507.0748926220804,3504.57458133926,1501.29,-0.09560009293863914
2007.0,1501.14,654.0807086008931,3508.359337763519,3505.858421011864,1501.3,-0.085600013864223
2008.0,1501.7,654.1356553187811,3509.6435671208333,3507.142045002061,1501.67,0.2843998196103712
2009.0,1502.05,654.1906020366691,3510.9275807483937,3508.425453364196,1501.67,0.28439996748466
2010.0,1501.67,654.2455487545571,3512.2113787005574,3509.708646152601,1501.69,0.30440077975890745
2011.0,1501.35,654.3004954724452,3513.4949610316585,3510.9916234215834,1501.67,0.2844018764340035
2012.0,1501.69,654.3554421903333,3514.778327796018,3512.27438522544,1501.67,0.284402937511004
2013.0,1501.08,654.4103889082213,3516.06147904793,3513.556931618438,1501.35,-0.0355956970090574
2014.0,1502.24,654.4653356261093,3517.344414841676,3514.839262654834,1501.28,-0.10559463712456818
2015.0,1500.73,654.5202823439973,3518.6271352315234,3516.1213783888693,1501.08,-0.30559272283494465
2016.0,1501.28,654.5752290618854,3519.909640271712,3517.4032788747586,1501.28,-0.10559146413788767
2017.0,1500.89,654.6301757797734,3521.1919300164714,3518.6849641667063,1501.24,-0.14559031103226516
2018.0,1501.31,654.6851224976614,3522.4740045200097,3519.9664343188942,1501.28,-0.10558965351697225
2019.0,1501.24,654.7400692155495,3523.7558638365176,3521.247689385488,1501.24,-0.14558907159130285
2020.0,1501.81,654.7950159334375,3525.037508020164,3522.5287294206305,1501.24,-0.14558863525462584
2021.0,1501.13,654.8499626513255,3526.318937125104,3523.809554478452,1501.24,-0.14558777450656635
2022.0,1501.21,654.9049093692136,3527.600151205471,3525.090164613059,1501.39,0.004412830653791389
2023.0,1502.03,654.9598560871016,3528.8811503153875,3526.3705598785505,1501.35,-0.03558673977340732
2024.0,1501.39,655.0148028049896,3530.161934508949,3527.650740328995,1501.39,0.00441433421315196
2025.0,1501.35,655.0697495228776,3531.442503840235,3528.9307060184474,1501.39,0.004415412613752778
2026.0,1501.68,655.1246962407656,3532.7228583633137,3530.2104570009496,1501.35,-0.03558354457027235
2027.0,1500.72,655.1796429586536,3534.0029981322245,3531.489993330516,1501.24,-0.1455822073373838
2028.0,1501.24,655.2345896765418,3535.282923201001,3532.7693150611544,1501.19,-0.19558153568686976
2029.0,1500.75,655.2895363944298,3536.562633623642,3534.0484222468385,1501.16,-0.22558100961782657
2030.0,1501.19,655.3444831123178,3537.8421294541454,3535.327314941541,1501.16,-0.22558111912985623
2031.0,1501.16,655.3994298302058,3539.121410746479,3536.605993199203,1501.16,-0.22558142422303717
2032.0,1501.07,655.4543765480938,3540.4004775545986,3537.8844570737565,1501.19,-0.19558195489776153
2033.0,1501.66,655.5093232659818,3541.6793299324436,3539.1627066191145,1501.25,-0.13558280115444177
2034.0,1501.25,655.5642699838698,3542.9579679339267,3540.4407418891647,1501.25,-0.1355833729940059
2035.0,1501.38,655.619216701758,3544.2363916129525,3541.718562937786,1501.38,-0.005584080416610959
2036.0,1501.22,655.674163419646,3545.5146010233993,3542.9961698188313,1501.36,-0.025584793423604424
2037.0,1502.51,655.729110137534,3546.7925962191307,3544.273562586139,1501.38,-0.005585672015286036
2038.0,1501.36,655.784056855422,3548.070377253996,3545.550741293533,1501.57,0.18441457380708925
2039.0,1501.57,655.83900357331,3549.3479441818195,3546.827705994812,1501.68,0.2944147940443145
2040.0,1501.68,655.893950291198,3550.6252970564105,3548.1044567437602,1501.68,0.2944151986964698
2041.0,1501.71,655.9488970090861,3551.9024359315654,3549.3809935941485,1501.68,0.29441589776388355
2042.0,1501.81,656.0038437269741,3553.179360861053,3550.65731659972,1501.68,0.2944169212471479
2043.0,1501.36,656.0587904448621,3554.456071898631,3551.933425814208,1501.36,-0.025581630852911985
2044.0,1500.59,656.1137371627502,3555.7325690980383,3553.2093212913255,1501.22,-0.1655802085342657
2045.0,1501.04,656.1686838806382,3557.008852512992,3554.4850030847642,1501.22,-0.16557958179600973
2046.0,1501.22,656.2236305985263,3558.284922197195,3555.760471248202,1501.04,-0.3455793006376098
2047.0,1501.27,656.2785773164143,3559.5607782043276,3557.0357258352933,1501.04,-0.34557918505834095
